# FERRIC-QWEN3-TOKENIZER-DIFFERENTIAL-V1
# tokenizers=0.22.2
# tokenizers-wheel-sha256=369cc9fc8cc10cb24143873a0d95438bb8ee257bb80c71989e3ee290e8d72c67
# tokenizer-sha256=aeb13307a71acd8fe81861d94ad54ab689df773318809eed3cbe794b4492dae4
# split-runtime=onig-6.5.3+onig_sys-69.9.3
# split-unicode=16.0.0
# nfc-runtime=unicode-normalization-alignments-0.1.12
# nfc-unicode=9.0.0
# authority=differential-test-only
# nonclaim=no-verus-or-general-tokenizers-equivalence
# seed=4077002786
# cases=640
-	-
68656c6c6f	14990
48656c6c6f20776f726c64	9707,1879
68656c6c6f202020776f726c64	14990,256,1879
49276d2074657374696e6721	40,2776,7497,0
4927524520492756652049274c4c204927442049274d2049275320492754	40,94153,358,6,42612,358,6,4086,358,27705,358,27603,358,13272,358,17323
6927526520692776452069276c4c206927442069274d2069275320692754	72,49427,600,6,85,36,600,63866,43,600,27705,600,27603,600,13272,600,17323
312032330a6e657874	16,220,17,18,198,3600
7461627309776f726b	30993,97038
6c696e650d0a656e64	1056,319,408
6c696e650d656e640a	1056,201,408,198
2070756e6374756174696f6e213f	61503,57390
747261696c696e67202020	376,14277,262
65cc81	963
c3a9	963
41cc8a206e677374726fcc886d	144044,7777,495,85584
c385206e67737472c3b66d	144044,7777,495,85584
e4b8ade69687	104811
e697a5e69cace8aa9e	101059,102819
ed959ceab5adec96b4	23573,124785,31079
d8a7d984d8b9d8b1d8a8d98ad8a920d9a1d9a2d9a3	31382,23224,125600,220,149,94,149,95,149,96
e0a4b9e0a4bfe0a4a8e0a58de0a4a6e0a58020e0a5a7e0a5a8e0a5a9	93948,42311,101,30484,99,43647,220,12619,100,12619,101,12619,102
e0b8a0e0b8b2e0b8a9e0b8b2e0b984e0b897e0b8a220e0b991e0b992e0b993	127382,125451,220,8158,239,8158,240,8158,241
ce95cebbcebbceb7cebdceb9cebaceac	144674,33486,33486,41424,33269,29762,67337,74134
d0a0d183d181d181d0bad0b8d0b9	33504,43055,126302
656d6f6a6920f09f91a9e2808df09f92bbf09f8fb3efb88fe2808df09f8c88	37523,61804,102,378,235,145851,147233,30543,378,235,145354
f09092b0f0909398	123934,240,108,123934,67895
f09ea480f09ea4a2	172,252,97,222,172,252,97,95
f091bc82f091bc84	128240,120,224,128240,120,226
f09e9390f09e93ab	172,252,241,238,172,252,241,104
f091bd90f091bd91	128240,121,238,128240,121,239
f09e8bb0f09e8bb1	172,23781,108,172,23781,109
61c28562	64,126,227,65
61c2a062	64,4102,65
61e19a8062	64,124999,222,65
61e28080e28081e2808a62	64,378,224,378,225,378,232,65
61e280a8e280a962	64,378,101,378,102,65
61e280af62	64,378,107,65
61e2819f62	64,52133,253,65
61e3808062	64,22441,65
7820090d0a2079	87,220,4474,379
780a0a0d0d0a79	87,271,5928,88
61202062	64,220,293
61202020	64,262
202061	220,264
2161203fceb22023f09092b0	0,64,937,51255,671,123934,240,108
3939c2b2e285abf091bd90	24,24,29456,70467,104,128240,121,238
cc8161cc81	53839,1953
e2808b61e281a062	15692,64,52133,254,65
3c7468696e6b3e6f6b3c2f7468696e6b3e	151667,562,151668
3c7c696d5f73746172747c3e757365720a48656c6c6f3c7c696d5f656e647c3e	151644,872,198,9707,151645
7072656669783c7c656e646f66746578747c3e737566666978	11849,151643,26786
3c746f6f6c5f63616c6c3e7b7d3c2f746f6f6c5f63616c6c3e	151657,6257,151658
5f3c7468696e6b3ee280af20205f	62,151667,378,107,220,716
c2a0	4102
3f3f0d0a65cc81	7646,319,963
5ff09ea480f091bd90f09e9390c28537f09e8bb0f09e9390e0a4b9274c6c	62,172,252,97,222,128240,121,238,172,252,241,238,126,227,22,172,23781,108,172,252,241,238,93948,91426,75
37e285abc285d9a1	22,70467,104,126,227,149,94
e285ab0ae280af61f091bc82f09092b00a092109274c6c	70467,104,198,378,107,64,128240,120,224,123934,240,108,198,197,0,197,91426,75
d096	132042
2020f091bc820a3c2f7468696e6b3e3c7468696e6b3e65cc815a	220,220,128240,120,224,198,151668,151667,963,57
c3a92776653c7468696e6b3e	963,3003,151667
3c7468696e6b3e2744d9a1f091bd90f09ea480e280a8c2a03c7c696d5f73746172747c3ed096	151667,27705,149,94,128240,121,238,172,252,97,222,378,101,4102,151644,132042
f09e9390d0963c7c696d5f73746172747c3e5f277665c3a9c28527440d0ad09627524537612037e4b8ad	172,252,241,238,132042,151644,19333,586,963,126,227,27705,319,132042,94153,22,64,220,22,15946
e285abf09e8bb065cc81f091bc8265cc813c2f7468696e6b3e	70467,104,172,23781,108,963,128240,120,224,963,151668
c3a9e2808b3c7c696d5f656e647c3e	963,15692,151645
f09e8bb0e2808be28083f09092b0277665ceb2ceb2f091bc82	172,23781,108,15692,378,225,123934,240,108,3003,51255,51255,128240,120,224
215a0d0af09e8bb0e2808b3c7468696e6b3e37e4b8adf09f91a9e2808df09f92bb3c7c696d5f656e647c3e	0,57,319,172,23781,108,15692,151667,22,15946,145233,378,235,145851,151645
274c6c65cc81e4b8adceb265cc81e280a8	91426,75,963,15946,51255,963,378,101
e4b8adc285375ff09ea480f09e9390f09092b05fc3a920203c7c696d5f656e647c3e09e28083	15946,126,227,22,62,172,252,97,222,172,252,241,238,123934,240,108,62,963,256,151645,197,378,225
e28083f09092b020f091bc823c7468696e6b3ee280af09213f3f20e280a82020f09e8bb0274c6cd096d9a1c285	378,225,123934,240,108,220,128240,120,224,151667,378,107,197,0,7646,636,101,220,220,172,23781,108,91426,75,132042,149,94,126,227
f09ea480e28083092020	172,252,97,222,378,225,8689
0ad8b4cc81e285abe38080	198,32790,53839,70467,104,22441
d096274c6cf09092b0ceb23c7c696d5f73746172747c3ec285c285cc81f09f91a9e2808df09f92bb3c7c696d5f656e647c3ec3a9610a0909	132042,91426,75,123934,240,108,51255,151644,126,227,126,227,53839,145233,378,235,145851,151645,963,64,198,298
e2808bf09e939061f091bd90275245277665e2808be285abf09ea4800acc815f5f613c7c696d5f73746172747c3e	15692,172,252,241,238,64,128240,121,238,94153,3003,15692,70467,104,172,252,97,222,198,53839,563,64,151644
d9a1d0963c7468696e6b3ed0960d0ad9a1	149,94,132042,151667,132042,319,149,94
e280af3c2f7468696e6b3ee285abc2a0ceb2	378,107,151668,70467,104,4102,51255
f09092b03f3fe0a4b9202776653c7c696d5f656e647c3e373c7468696e6b3ed9a1	123934,240,108,7646,93948,364,586,151645,22,151667,149,94
f09e8bb0275245cc81cc812752453f3f5a37f091bc82f091bd90f09ea480c2a0	172,23781,108,90887,26789,53839,6,787,7646,57,22,128240,120,224,128240,121,238,172,252,97,222,4102
cc81c2a009f09f91a9e2808df09f92bb3c7468696e6b3e	53839,4102,197,145233,378,235,145851,151667
3c7468696e6b3ee2808b	151667,15692
2020d0963c7468696e6b3e20d8b427442020d8b4f091bc82e380805f09f09ea480e280af	220,129219,151667,52157,27705,220,52157,128240,120,224,22441,62,197,172,252,97,222,378,107
277665e280a83f3ff091bc82d8b4f09e8bb0	3003,378,101,7646,128240,120,224,32790,172,23781,108
0d0a61	319,64
275245e38080e2808b277665f091bd903c7468696e6b3e09e2808b37f09f91a9e2808df09f92bb65cc815f274c6c0d0a	94153,22441,15692,6,586,128240,121,238,151667,197,15692,22,145233,378,235,145851,963,19333,43,75,319
5a5ae3808027443c7c696d5f73746172747c3e3f3f2744	33536,22441,27705,151644,7646,6,35
e285abd9a1d096f09e8bb0d096f09e9390e380802744e0a4b9274c6cf09f91a9e2808df09f92bb2744e2808be380800acc81d8b4	70467,104,149,94,132042,172,23781,108,132042,172,252,241,238,22441,27705,93948,91426,75,145233,378,235,145851,6,35,15692,22441,198,53839,32790
f09ea480095a2020c2a00d0a3f3f61cc813c2f7468696e6b3ec2a0d096d9a1ceb2274c6c5a	172,252,97,222,35853,256,4102,319,7646,1953,151668,4102,132042,149,94,51255,91426,75,57
3c7c696d5f656e647c3ee280a8202065cc81e28083	151645,378,101,220,3958,378,225
20f09e8bb0e4b8add8b4f09e9390275245d9a13c7c696d5f656e647c3ef09ea4803c7c696d5f656e647c3ee28083e4b8ad0a	220,172,23781,108,15946,32790,172,252,241,238,94153,149,94,151645,172,252,97,222,151645,378,225,15946,198
27524561f09f91a9e2808df09f92bbe38080213c7c696d5f73746172747c3e275245f091bc8237e280af0d0ac2a0277665cc8109f09092b0	94153,64,145233,378,235,145851,22441,0,151644,94153,128240,120,224,22,378,107,319,4102,6,51174,197,123934,240,108
c2a03c7c696d5f656e647c3e277665	4102,151645,3003
e280835ae285abf09092b0d9a1cc81	378,225,57,70467,104,123934,240,108,149,94,53839
0a5fe285abc285f09ea480ceb2274c6c61	198,62,70467,104,126,227,172,252,97,222,51255,91426,75,64
6121e280832744093c7468696e6b3ee280a8f09f91a9e2808df09f92bb3c7c696d5f73746172747c3ee38080c3a93c7c696d5f656e647c3ef09f91a9e2808df09f92bb	64,0,378,225,27705,197,151667,378,101,145233,378,235,145851,151644,22441,963,151645,145233,378,235,145851
e280afe280833c7c696d5f656e647c3ee2808be285abf09e8bb0f091bc82d096d9a1e0a4b9f09092b00d0ad8b42744f09f91a9e2808df09f92bb	378,107,378,225,151645,15692,70467,104,172,23781,108,128240,120,224,132042,149,94,93948,123934,240,108,319,32790,27705,145233,378,235,145851
2020f091bd90277665d8b4	220,220,128240,121,238,3003,32790
3c7468696e6b3ec2a0f09ea480e2808bc3a9274c6c275245f09092b0215af09092b0e285abc285ceb2	151667,4102,172,252,97,222,15692,963,91426,75,94153,123934,240,108,0,57,123934,240,108,70467,104,126,227,51255
3c7468696e6b3ec2a0274c6c5af09e8bb0f091bd90e4b8ade280830acc81c2a05f21f091bc82d9a1e2808b3c7468696e6b3e	151667,4102,91426,75,57,172,23781,108,128240,121,238,15946,378,225,198,53839,4102,62,0,128240,120,224,149,94,15692,151667
cc81f09092b021095a	53839,123934,240,108,0,35853
2020d9a1274c6cf09e8bb0cc81277665d9a1ceb2cc81e280a8	220,220,149,94,91426,75,172,23781,108,53839,6,586,149,94,51255,53839,378,101
3f3fc2a0cc815fe280a82020205f	7646,4102,53839,62,378,101,256,716
274c6cf09f91a9e2808df09f92bb27524565cc813c7c696d5f656e647c3ee0a4b9f091bc82203c7c696d5f656e647c3ec2a0f09e9390e4b8ad5ad8b4f09092b0275245	91426,75,145233,378,235,145851,6,787,963,151645,93948,128240,120,224,220,151645,4102,172,252,241,238,15946,57,32790,123934,240,108,94153
09f09092b0f091bd90e28083c2a05f3c7c696d5f656e647c3e	197,123934,240,108,128240,121,238,378,225,4102,62,151645
f09092b0f09e8bb0274c6c3c7c696d5f73746172747c3ef091bd90e280af3c2f7468696e6b3ef09e9390c2a061	123934,240,108,172,23781,108,91426,75,151644,128240,121,238,378,107,151668,172,252,241,238,4102,64
f091bd905f2020d8b4c3a9c3a9373c7c696d5f656e647c3e	128240,121,238,62,220,52157,963,963,22,151645
f09f91a9e2808df09f92bbc2853f3fd8b4	145233,378,235,145851,126,227,7646,32790
3f3f	7646
f091bd90e2808bf091bd90	128240,121,238,15692,128240,121,238
c2a0e285ab	4102,70467,104
2020e2808be0a4b95a5f	220,29748,93948,57,62
095fc2a0c2a0e280a8d8b4e285abe4b8ad3c2f7468696e6b3ec2a0f091bd90	197,62,9238,378,101,32790,70467,104,15946,151668,4102,128240,121,238
65cc813c2f7468696e6b3ee4b8ad0a205fe280a8e2808b5ae38080e0a4b9c2a0373c7468696e6b3e5acc81	963,151668,15946,198,716,378,101,15692,57,22441,93948,4102,22,151667,144294
0ae2808365cc810937c2a0d9a13c2f7468696e6b3ee280a83f3f65cc8137	198,378,225,963,197,22,4102,149,94,151668,378,101,7646,963,22
ceb2cc81e0a4b9	51255,53839,93948
d8b4ceb2f091bd900aceb23c7c696d5f73746172747c3e3c7468696e6b3e2020ceb2	32790,51255,128240,121,238,198,51255,151644,151667,220,33218
f091bc82e38080c2a0cc8165cc81f09f91a9e2808df09f92bbc2a0f09e93903c7c696d5f656e647c3e372020f09f91a9e2808df09f92bb21e28083d8b4e4b8ad	128240,120,224,22441,4102,53839,963,145233,378,235,145851,4102,172,252,241,238,151645,22,220,61804,102,378,235,145851,0,378,225,32790,15946
e4b8ad09e285abf09f91a9e2808df09f92bbf09e8bb0f091bd90c3a9d8b4	15946,197,70467,104,145233,378,235,145851,172,23781,108,128240,121,238,963,32790
e280a8e2808b3737093709cc81274c6ce285ab21ceb2	378,101,15692,22,22,197,22,197,53839,6,43,75,70467,104,0,51255
f09092b0212744	123934,240,108,31383,35
f091bc823c7c696d5f73746172747c3e	128240,120,224,151644
ceb237f09e9390	51255,22,172,252,241,238
3c7c696d5f73746172747c3e275245e38080e28083d8b4e280a8f09e8bb0e280afceb23f3fc2853c7468696e6b3e	151644,94153,22441,378,225,32790,378,101,172,23781,108,378,107,51255,7646,126,227,151667
e3808061e38080c3a90d0af09092b0c285c285f09f91a9e2808df09f92bbd09609e280aff091bc82e280a8e38080	22441,64,22441,963,319,123934,240,108,126,227,126,227,145233,378,235,145851,132042,197,378,107,128240,120,224,378,101,22441
f09e8bb05a65cc810d0ae4b8ad3c7c696d5f73746172747c3e0d0ac2a0e285abe280af2020	172,23781,108,57,963,319,15946,151644,319,4102,70467,104,378,107,256
2020f09e939027766520f091bc82e2808b37	220,220,172,252,241,238,3003,220,128240,120,224,15692,22
613f3f37277665d096e280a8c2a0095ae4b8add9a1c3a96165cc81	64,7646,22,3003,132042,378,101,4102,35853,15946,149,94,963,64,963
09f09ea480	197,172,252,97,222
e280a8f09e8bb0	378,101,172,23781,108
3c7468696e6b3e613c7c696d5f73746172747c3ef09e93905ff09e8bb020	151667,64,151644,172,252,241,238,62,172,23781,108,220
e28083f09e8bb03c7c696d5f73746172747c3e277665f09f91a9e2808df09f92bb61cc8121f091bc82e280af3c7c696d5f656e647c3ef09ea480e38080e38080e4b8ad	378,225,172,23781,108,151644,3003,145233,378,235,145851,1953,0,128240,120,224,378,107,151645,172,252,97,222,22441,22441,15946
e0a4b9f09ea480f09f91a9e2808df09f92bbe38080e4b8ad613c2f7468696e6b3eceb2	93948,172,252,97,222,145233,378,235,145851,22441,15946,64,151668,51255
f09f91a9e2808df09f92bbc285f091bd90d8b40a5a277665274c6cf09ea480e28083cc81	145233,378,235,145851,126,227,128240,121,238,32790,198,57,3003,91426,75,172,252,97,222,378,225,53839
c3a961274c6c2020e4b8ad0a	963,64,91426,75,220,72858,198
20f091bd90c2a0f091bd903c2f7468696e6b3ee280a8c3a9275245e4b8ad275245e0a4b9e280a8f09e8bb0f091bd90	220,128240,121,238,4102,128240,121,238,151668,378,101,963,94153,15946,94153,93948,378,101,172,23781,108,128240,121,238
37f09092b0e285ab	22,123934,240,108,70467,104
e38080e4b8ade4b8ad65cc81202744e280a83f3fe2808be280aff09f91a9e2808df09f92bbe280afd096f09f91a9e2808df09f92bb0d0a	22441,15946,15946,963,364,35,378,101,7646,15692,378,107,145233,378,235,145851,378,107,132042,145233,378,235,145851,319
3f3ff09092b0c2855ff09092b05f	7646,123934,240,108,126,227,62,123934,240,108,62
274c6ce4b8adf091bc825f5f61e4b8ad2744c2a0f091bd900af09ea480e280a8e28083	91426,75,15946,128240,120,224,563,64,15946,27705,4102,128240,121,238,198,172,252,97,222,378,101,378,225
f091bd90610af091bc82f09f91a9e2808df09f92bb	128240,121,238,64,198,128240,120,224,145233,378,235,145851
27524520ceb237e2808b	94153,33218,22,15692
3c7c696d5f73746172747c3ee285abc28520f091bd90e38080e4b8adceb20acc8137f09e9390e0a4b95a0d0a3c7468696e6b3e	151644,70467,104,126,227,220,128240,121,238,22441,15946,51255,198,53839,22,172,252,241,238,93948,57,319,151667
d8b4275245e2808361c285cc813c7c696d5f656e647c3ec2a021d8b43f3fd09661	32790,94153,378,225,64,126,227,53839,151645,4102,0,32790,7646,132042,64
277665275245e38080d9a12061f09e8bb0ceb23c2f7468696e6b3e	3003,94153,22441,149,94,264,172,23781,108,51255,151668
e280a8202061f09092b0212744d9a13c7468696e6b3ef09e8bb05fe280a8275245	378,101,220,264,123934,240,108,31383,35,149,94,151667,172,23781,108,62,378,101,94153
21f09f91a9e2808df09f92bb2744c2a0e280af09274c6cf09f91a9e2808df09f92bb5f37	0,145233,378,235,145851,6,35,4102,378,107,197,91426,75,145233,378,235,145851,62,22
e28083e280832744274c6c274c6cf09e9390	378,225,378,225,27705,91426,75,91426,75,172,252,241,238
274c6ce2808bf09f91a9e2808df09f92bb	91426,75,15692,145233,378,235,145851
f09e8bb0f09f91a9e2808df09f92bbf091bd90f09ea48027443f3f3c7c696d5f656e647c3e0d0a09ceb23c7468696e6b3ef09e9390200d0a27442752453c7468696e6b3e	172,23781,108,145233,378,235,145851,128240,121,238,172,252,97,222,27705,7646,151645,319,197,51255,151667,172,252,241,238,2529,27705,94153,151667
3c2f7468696e6b3ef09e8bb00d0a092752450ad096e280a8f09e8bb0e4b8add09621f09f91a9e2808df09f92bbe2808be380803c7468696e6b3e61	151668,172,23781,108,319,197,94153,198,132042,378,101,172,23781,108,15946,132042,0,145233,378,235,145851,15692,22441,151667,64
d096e0a4b9370920200d0ae280832020e280afd9a120	132042,93948,22,8689,319,378,225,256,378,107,149,94,220
f09e8bb0e38080d0963c7c696d5f656e647c3ee280a8274c6ce4b8adc3a927440ae28083f091bc825ac285e285ab	172,23781,108,22441,132042,151645,378,101,91426,75,15946,963,27705,198,378,225,128240,120,224,57,126,227,70467,104
c3a93c7c696d5f73746172747c3e3c7468696e6b3e2020f091bd9037277665	963,151644,151667,220,220,128240,121,238,22,3003
20f09e93900d0ad096cc81274c6c20	220,172,252,241,238,319,132042,53839,6,43,75,220
d9a1f091bd903c7468696e6b3ee285abe285ab	149,94,128240,121,238,151667,70467,104,70467,104
ceb2d9a137cc81275245f091bc8265cc81f09092b0c2a0	51255,149,94,22,53839,6,787,128240,120,224,963,123934,240,108,4102
d9a1	149,94
3c2f7468696e6b3e613c7c696d5f73746172747c3ef09ea480e0a4b9e280af	151668,64,151644,172,252,97,222,93948,378,107
cc812744f09e939009277665c2a03c7c696d5f656e647c3ee28083e285abf09e8bb0274c6c5a275245e38080c2852020	53839,6,35,172,252,241,238,197,3003,4102,151645,378,225,70467,104,172,23781,108,91426,75,57,94153,22441,126,227,256
37e280a8e280af09e4b8adf091bc8220203c7468696e6b3ee280af09e280830d0a	22,378,101,378,107,197,15946,128240,120,224,256,151667,378,107,197,378,225,319
3c2f7468696e6b3ec3a90ad8b4	151668,963,198,32790
3c2f7468696e6b3ec2855f0d0ac3a9e280a8e280afc2853c7468696e6b3e277665ceb2e4b8ad274c6c	151668,126,227,57891,963,378,101,378,107,126,227,151667,3003,51255,15946,91426,75
d9a1274c6c27442020	149,94,91426,75,27705,256
213f3f	0,7646
f091bd90274c6cf09e9390f09092b0e280a8	128240,121,238,91426,75,172,252,241,238,123934,240,108,378,101
5a27524537277665375fe38080e38080c2855a3f3f	57,94153,22,3003,22,62,43429,126,227,57,7646
f091bd9009f09e8bb0cc81	128240,121,238,197,172,23781,108,53839
0af09f91a9e2808df09f92bbf09092b0205a3c2f7468696e6b3ee4b8ad	198,145233,378,235,145851,123934,240,108,1863,151668,15946
f091bd903c7468696e6b3e0d0a277665f09ea480	128240,121,238,151667,319,3003,172,252,97,222
5af09e8bb0f091bc82e28083f09e8bb0f091bd90e28083e280af0aceb2d0963f3fe285abe28083f09e9390	57,172,23781,108,128240,120,224,378,225,172,23781,108,128240,121,238,378,225,378,107,198,51255,132042,7646,70467,104,378,225,172,252,241,238
0d0af09e8bb00a3c7468696e6b3ee285abe2808bcc81	319,172,23781,108,198,151667,70467,104,15692,53839
3c7468696e6b3e0d0a3c7c696d5f73746172747c3ed8b4f091bc825ae280a8d096ceb22120613c2f7468696e6b3e	151667,319,151644,32790,128240,120,224,57,378,101,132042,51255,0,264,151668
f09ea480d096ceb209e280af205a3c7c696d5f656e647c3ee2808b	172,252,97,222,132042,51255,197,378,107,1863,151645,15692
0d0ac3a9212020f091bd905a202752453f3ff09e9390f09e8bb0f091bd90e280a8ceb2c2a065cc81275245	319,963,0,220,220,128240,121,238,57,364,787,7646,172,252,241,238,172,23781,108,128240,121,238,378,101,51255,4102,963,94153
27524520202020c285e28083e280a8274c6c	94153,257,126,227,378,225,378,101,91426,75
274c6c275245d8b43c7c696d5f73746172747c3e2020ceb2e280af275245e3808009e280afcc81c3a90d0ae0a4b9274c6c3c2f7468696e6b3e	91426,75,94153,32790,151644,220,33218,378,107,94153,22441,197,378,107,53839,963,319,93948,91426,75,151668
d096ceb209	132042,51255,197
e4b8ad2020274c6c0d0a61f091bd903c7c696d5f73746172747c3ee280a8cc813c7468696e6b3e202165cc81203c7c696d5f73746172747c3e3f3f	15946,220,364,43,75,319,64,128240,121,238,151644,378,101,53839,151667,753,963,220,151644,7646
e2808be2808b0ae380800d0a3c7c696d5f73746172747c3e2744cc81e38080ceb2f09ea480e280af2776655f65cc8137	87896,198,22441,319,151644,27705,53839,22441,51255,172,252,97,222,378,107,3003,62,963,22
5ae2808327766520	57,378,225,3003,220
2020f09092b0ceb23c7c696d5f73746172747c3e274c6ce0a4b9f09ea480f091bc823c7c696d5f73746172747c3ef09092b03f3f	220,220,123934,240,108,51255,151644,91426,75,93948,172,252,97,222,128240,120,224,151644,123934,240,108,7646
f09e9390e280a8f091bc823c7c696d5f73746172747c3e65cc81093c2f7468696e6b3ee4b8ad0d0a3c7468696e6b3ef091bd90274c6c37c285f09f91a9e2808df09f92bbe4b8ad	172,252,241,238,378,101,128240,120,224,151644,963,197,151668,15946,319,151667,128240,121,238,91426,75,22,126,227,145233,378,235,145851,15946
5fe380802020f09f91a9e2808df09f92bb	62,22441,220,61804,102,378,235,145851
f091bc82e4b8add0965af09e8bb0f09092b05f	128240,120,224,15946,132042,57,172,23781,108,123934,240,108,62
3c2f7468696e6b3e0d0ac2a0f09ea480e28083c28509e280aff091bc82d9a1e4b8ad274420	151668,319,4102,172,252,97,222,378,225,126,227,197,378,107,128240,120,224,149,94,15946,27705,220
274c6ce2808bf09ea480c2a03f3f	91426,75,15692,172,252,97,222,4102,7646
cc810af091bd903c7c696d5f656e647c3ee280afc2a03c2f7468696e6b3ee280a8	53839,198,128240,121,238,151645,378,107,4102,151668,378,101
09e2808be38080e4b8adceb2275245e280aff09092b0c28527443c7c696d5f656e647c3ee280833c7c696d5f73746172747c3ef09f91a9e2808df09f92bbf09ea480	197,15692,22441,15946,51255,94153,378,107,123934,240,108,126,227,27705,151645,378,225,151644,145233,378,235,145851,172,252,97,222
c2852776653c7c696d5f73746172747c3ee280a8d096e280afe280af5f3c7c696d5f656e647c3e3c7468696e6b3ee4b8adf09092b0	126,227,3003,151644,378,101,132042,378,107,378,107,62,151645,151667,15946,123934,240,108
20202776653c2f7468696e6b3ef091bc82e0a4b95ac285	220,364,586,151668,128240,120,224,93948,57,126,227
d0965f0af09ea480e285ab3c7c696d5f656e647c3e5a275245215fc2a02752450a	132042,12924,172,252,97,222,70467,104,151645,57,94153,0,62,4102,94153,198
e2808365cc81f09e9390f09f91a9e2808df09f92bbceb2274c6c3c7c696d5f656e647c3ef09092b0	378,225,963,172,252,241,238,145233,378,235,145851,51255,91426,75,151645,123934,240,108
277665277665f09ea480f09e9390d9a1615a2165cc81f091bd90	3003,3003,172,252,97,222,172,252,241,238,149,94,64,57,0,963,128240,121,238
e280a8e285ab27524527524509c2a0370af09e9390c2852109e28083	378,101,70467,104,94153,94153,197,4102,22,198,172,252,241,238,126,227,0,197,378,225
61e28083ceb227524561275245e2808be285ab2744e280afe4b8adf09e9390c2852776655fe4b8ad	64,378,225,51255,94153,64,94153,15692,70467,104,27705,378,107,15946,172,252,241,238,126,227,3003,62,15946
2020c285	256,126,227
65cc813f3f0aceb2e4b8ad275245e4b8adf091bc82e280a8275245f091bc82f09e9390275245f091bc82d9a12744c285	963,30,5267,51255,15946,94153,15946,128240,120,224,378,101,94153,128240,120,224,172,252,241,238,94153,128240,120,224,149,94,27705,126,227
0ae0a4b93c7c696d5f73746172747c3e	198,93948,151644
20e280a8c285093c7c696d5f656e647c3ef09e9390f09f91a9e2808df09f92bb3c7c696d5f656e647c3ee280830d0af09e8bb0f09ea480d8b4e380803c2f7468696e6b3e	636,101,126,227,197,151645,172,252,241,238,145233,378,235,145851,151645,378,225,319,172,23781,108,172,252,97,222,32790,22441,151668
e28083ceb20ac285d0963c7c696d5f73746172747c3ee38080e285ab0ae28083d9a13c2f7468696e6b3e3f3f	378,225,51255,198,126,227,132042,151644,22441,70467,104,198,378,225,149,94,151668,7646
e4b8ad093c7c696d5f73746172747c3ecc81f09e8bb065cc81cc81d9a1	15946,197,151644,53839,172,23781,108,963,53839,149,94
e38080cc813c7c696d5f73746172747c3ee38080e285abf091bc82090ad8b4e38080c3a9e4b8ad2020e2808327445af09e9390	22441,53839,151644,22441,70467,104,128240,120,224,1572,32790,22441,963,15946,256,378,225,27705,57,172,252,241,238
e0a4b9c285c3a9cc81	93948,126,227,963,53839
3c7c696d5f656e647c3e3c7468696e6b3ee280a83c7c696d5f656e647c3e65cc81f09f91a9e2808df09f92bb5a3c7468696e6b3e3c7c696d5f656e647c3ee4b8adcc81	151645,151667,378,101,151645,963,145233,378,235,145851,57,151667,151645,15946,53839
0a277665e0a4b9e28083203c2f7468696e6b3e61e3808065cc810d0aceb265cc81	198,3003,93948,378,225,220,151668,64,22441,963,319,51255,963
202065cc812744cc813c7c696d5f73746172747c3e21f09092b0	220,3958,27705,53839,151644,0,123934,240,108
275245e285ab0ac285f09f91a9e2808df09f92bb275245e28083e38080274c6c65cc81e2808bf091bd90	94153,70467,104,198,126,227,145233,378,235,145851,6,787,378,225,22441,91426,75,963,15692,128240,121,238
2752455fe380802744e380803f3fe4b8ad3c7c696d5f656e647c3e27443c7c696d5f656e647c3ee28083f091bd90e2808bf091bc82f09e8bb03c7c696d5f656e647c3e	94153,62,22441,27705,22441,7646,15946,151645,27705,151645,378,225,128240,121,238,15692,128240,120,224,172,23781,108,151645
5a3c7468696e6b3ee280a85f3f3ff09e8bb03c7c696d5f656e647c3e20e4b8ade28083e280af5fe2808320203f3f2744e280a8	57,151667,378,101,62,7646,172,23781,108,151645,72858,378,225,378,107,62,378,225,220,9415,6,35,378,101
61f091bd9061e38080c2850d0af09f91a9e2808df09f92bbceb23c2f7468696e6b3e21cc81f09ea480ceb2f09ea480d096d9a1	64,128240,121,238,64,22441,126,227,319,145233,378,235,145851,51255,151668,0,53839,172,252,97,222,51255,172,252,97,222,132042,149,94
e38080e380802020f091bc82c2a0f09e93905ae28083f091bd90f091bc82d8b4d096202009e4b8adf09f91a9e2808df09f92bb	43429,220,220,128240,120,224,4102,172,252,241,238,57,378,225,128240,121,238,128240,120,224,32790,132042,256,197,15946,145233,378,235,145851
e28083274c6cf09ea480274c6cf09092b027766520200af09f91a9e2808df09f92bb0ae280afe4b8ad	378,225,91426,75,172,252,97,222,91426,75,123934,240,108,3003,2303,145233,378,235,145851,198,378,107,15946
f09f91a9e2808df09f92bbc3a93c2f7468696e6b3ed9a1c2a0f091bd90e280a8e4b8adf09f91a9e2808df09f92bb5f	145233,378,235,145851,963,151668,149,94,4102,128240,121,238,378,101,15946,145233,378,235,145851,62
e38080c285e285abe280830d0af091bd902752450d0ae280af202021f091bd90f09e8bb020f09e9390e380803c7468696e6b3e	22441,126,227,70467,104,378,225,319,128240,121,238,94153,319,378,107,220,753,128240,121,238,172,23781,108,220,172,252,241,238,22441,151667
f09e8bb065cc812020274c6c5ae280af274c6c275245e4b8ad3c7c696d5f656e647c3e203c7c696d5f73746172747c3ef09e9390277665e280a8	172,23781,108,963,220,364,43,75,57,378,107,91426,75,94153,15946,151645,220,151644,172,252,241,238,3003,378,101
f09ea480d9a1f09e8bb0	172,252,97,222,149,94,172,23781,108
37e28083	22,378,225
37	22
e38080cc81095a21f09092b00d0a	22441,53839,35853,0,123934,240,108,319
27442020	27705,256
375a65cc813c2f7468696e6b3ecc81f09ea480f09e8bb0f09ea480f091bc8220e285ab65cc81d096ceb2e285abe38080	22,57,963,151668,53839,172,252,97,222,172,23781,108,172,252,97,222,128240,120,224,220,70467,104,963,132042,51255,70467,104,22441
f091bc82	128240,120,224
f09092b0	123934,240,108
65cc8165cc81f09ea4802020610d0a3c2f7468696e6b3ee285abe0a4b9c285	963,963,172,252,97,222,220,264,319,151668,70467,104,93948,126,227
e280a8cc81ceb2c3a965cc81e28083d0960d0a	378,101,53839,51255,963,963,378,225,132042,319
27445fe280830af091bd90f09e8bb00a20f09ea480e285ab3f3fcc81	27705,62,378,225,198,128240,121,238,172,23781,108,198,220,172,252,97,222,70467,104,7646,53839
65cc81f09ea480e285ab2020	963,172,252,97,222,70467,104,256
e28083e4b8add8b4	378,225,15946,32790
0d0a20d9a16120203c7468696e6b3ecc81cc81	319,220,149,94,64,256,151667,53839,53839
e4b8ad5fe28083	15946,62,378,225
6109f09e9390cc81	64,197,172,252,241,238,53839
3c7c696d5f656e647c3e61ceb2e285abd8b4f09092b05a613c7c696d5f656e647c3ee38080c2a03c7468696e6b3e3c7c696d5f73746172747c3eceb23f3f	151645,64,51255,70467,104,32790,123934,240,108,57,64,151645,22441,4102,151667,151644,51255,7646
2744d9a1d9a1e0a4b9e285ab65cc81e280afe280aff09ea480c3a9d9a15ff09ea4800d0a3f3fd8b4	27705,149,94,149,94,93948,70467,104,963,378,107,378,107,172,252,97,222,963,149,94,62,172,252,97,222,319,7646,32790
e28083e280afe2808bf09092b0274c6c275245274c6c0acc81c2a0d096f091bc82c285	378,225,378,107,15692,123934,240,108,91426,75,94153,91426,75,198,53839,4102,132042,128240,120,224,126,227
3c7468696e6b3e0d0a277665277665c2a0c285f09ea4802752455fd8b427766527766520275245e285ab	151667,319,3003,3003,4102,126,227,172,252,97,222,94153,62,32790,3003,3003,364,787,70467,104
21d9a1277665f09e9390ceb237e280a8cc81f09f91a9e2808df09f92bbcc815fe285abe280a8	0,149,94,3003,172,252,241,238,51255,22,378,101,53839,145233,378,235,145851,53839,62,70467,104,378,101
f09e9390f09f91a9e2808df09f92bbe380806121e0a4b9d8b4f09092b0c285274c6cf09ea480e2808b277665c3a9cc81	172,252,241,238,145233,378,235,145851,22441,64,0,93948,32790,123934,240,108,126,227,91426,75,172,252,97,222,15692,6,586,963,53839
3c2f7468696e6b3e	151668
f091bc8221e4b8adf09f91a9e2808df09f92bb21f09e8bb0e280afceb2cc81f091bd90f091bd90c3a9d8b4	128240,120,224,0,15946,145233,378,235,145851,0,172,23781,108,378,107,51255,53839,128240,121,238,128240,121,238,963,32790
f09e8bb03c7c696d5f656e647c3ee0a4b9c3a9c2a0	172,23781,108,151645,93948,963,4102
f09e939065cc810ad9a13737	172,252,241,238,963,198,149,94,22,22
3c2f7468696e6b3ed9a13c7c696d5f73746172747c3ee280aff09ea4800d0ae280a8e4b8ad5f5a0a0ac285	151668,149,94,151644,378,107,172,252,97,222,319,378,101,15946,12302,271,126,227
f09f91a9e2808df09f92bbf09e93902776652020ceb25ae280835f3c7c696d5f73746172747c3eceb23c7468696e6b3ef09ea480e4b8ad2744f09ea480	145233,378,235,145851,172,252,241,238,3003,220,33218,57,378,225,62,151644,51255,151667,172,252,97,222,15946,27705,172,252,97,222
e280a861f09ea480ceb265cc8165cc8127443c7468696e6b3e3c2f7468696e6b3e21	378,101,64,172,252,97,222,51255,963,963,27705,151667,151668,0
2776655f0d0a274420274c6cf09e8bb03c7468696e6b3ee4b8ad5f3c7468696e6b3e	3003,57891,27705,364,43,75,172,23781,108,151667,15946,62,151667
5f37f09f91a9e2808df09f92bbd096	62,22,145233,378,235,145851,132042
f091bd90277665c3a93c7c696d5f73746172747c3ee4b8ad2744e280af3c7468696e6b3ef09e8bb00af09ea480f09e93903c2f7468696e6b3ec2a0d096	128240,121,238,3003,963,151644,15946,27705,378,107,151667,172,23781,108,198,172,252,97,222,172,252,241,238,151668,4102,132042
e28083f09f91a9e2808df09f92bb2776653f3f3c2f7468696e6b3e21f091bc823c7c696d5f656e647c3ef091bc82f09f91a9e2808df09f92bbc285f09e93905a	378,225,145233,378,235,145851,6,586,7646,151668,0,128240,120,224,151645,128240,120,224,145233,378,235,145851,126,227,172,252,241,238,57
f09ea480d9a1375fe280afc2855f3f3f5ac3a9f09ea4803f3f274c6ce4b8add09609	172,252,97,222,149,94,22,62,378,107,126,227,62,7646,57,963,172,252,97,222,7646,6,43,75,15946,132042,197
e0a4b9cc81c3a9f09e9390e0a4b9f09e9390	93948,53839,963,172,252,241,238,93948,172,252,241,238
3c2f7468696e6b3ee285abe280aff09e8bb0	151668,70467,104,378,107,172,23781,108
f09ea48020277665e38080d096d8b43c2f7468696e6b3e5f	172,252,97,222,364,586,22441,132042,32790,151668,62
d8b4f09ea480202009d09637c3a9274c6c3c2f7468696e6b3e2776652020f09f91a9e2808df09f92bb09e285ab	32790,172,252,97,222,256,197,132042,22,963,91426,75,151668,3003,220,61804,102,378,235,145851,197,70467,104
2744e0a4b9ceb2d8b42752455ac3a921275245	27705,93948,51255,32790,94153,57,963,31383,787
cc813f3fe2808b092137f091bc820af091bd9027443c2f7468696e6b3e	53839,7646,15692,197,0,22,128240,120,224,198,128240,121,238,27705,151668
612020ceb2f09e9390d8b45a	64,220,33218,172,252,241,238,32790,57
f09092b0c2a03c7c696d5f73746172747c3ef09e9390f09e8bb0373f3fe380805f20f09e8bb03c7468696e6b3e	123934,240,108,4102,151644,172,252,241,238,172,23781,108,22,7646,22441,62,220,172,23781,108,151667
274c6c203f3fe3808021277665f091bd90e280830d0a	91426,75,9415,22441,31383,586,128240,121,238,378,225,319
277665205aceb2ceb2277665e28083e4b8ad	3003,1863,51255,51255,3003,378,225,15946
f09ea4802776653c7468696e6b3ef09f91a9e2808df09f92bb5f2137200d0a277665d9a137	172,252,97,222,3003,151667,145233,378,235,145851,62,0,22,2529,3003,149,94,22
f09e8bb05fe2808bceb2e4b8add0965f3c7c696d5f656e647c3eceb20a	172,23781,108,62,15692,51255,15946,132042,62,151645,51255,198
f091bd90f09e9390e28083e280a85a2020277665f09ea480ceb237c2a0e280a827442744e38080	128240,121,238,172,252,241,238,378,225,378,101,57,220,364,586,172,252,97,222,51255,22,4102,378,101,27705,27705,22441
20f091bd90e2808b	220,128240,121,238,15692
3f3f3761e4b8adc285c2a0d8b43c7c696d5f73746172747c3e	7646,22,64,15946,126,227,4102,32790,151644
e280832776652744cc81c3a90a2020ceb2f09e9390f091bd90d8b4f091bd903c7c696d5f656e647c3e37277665275245	378,225,3003,27705,53839,963,198,220,33218,172,252,241,238,128240,121,238,32790,128240,121,238,151645,22,3003,94153
c2a05a3c7c696d5f73746172747c3e2020f09e8bb0d8b461c2a0f09e8bb05ae4b8ade0a4b95fceb209274c6c	4102,57,151644,220,220,172,23781,108,32790,64,4102,172,23781,108,57,15946,93948,62,51255,197,91426,75
f09ea480e280af0a3f3f	172,252,97,222,378,107,198,7646
3c7468696e6b3ee4b8ad3c7c696d5f656e647c3ecc81ceb2275245274c6cd096e2808bf091bd90c3a9e2808b2776655f	151667,15946,151645,53839,51255,94153,91426,75,132042,15692,128240,121,238,963,15692,6,586,62
202020205fe280a8f09ea480ceb2cc81c285	262,716,378,101,172,252,97,222,51255,53839,126,227
2020cc81c2a0d8b45fe280af3c7468696e6b3e65cc81f09ea480f091bc82e280833f3f	220,220,53839,4102,32790,62,378,107,151667,963,172,252,97,222,128240,120,224,378,225,7646
5a37c2a0e280a8e280af5af091bd90e280a809e285ab20	57,22,4102,378,101,378,107,57,128240,121,238,378,101,197,70467,104,220
f09e9390c2a0f09f91a9e2808df09f92bbc2a05af09e9390e285abc2a03f3f2020	172,252,241,238,4102,145233,378,235,145851,4102,57,172,252,241,238,70467,104,4102,7646,256
3c7468696e6b3ee285ab21	151667,70467,104,0
210a3c7c696d5f73746172747c3ed096d096c3a90d0ae2808b	4894,151644,132042,132042,963,319,15692
65cc81c2a0c3a9f09e9390373c7c696d5f73746172747c3e6120202752455fc285f091bd90	963,4102,963,172,252,241,238,22,151644,64,220,364,787,62,126,227,128240,121,238
ceb25ae280afc2a0f09e8bb03c7468696e6b3ec2a0e38080	51255,57,378,107,4102,172,23781,108,151667,4102,22441
d9a1f091bd903c7c696d5f73746172747c3ed0962744c2a0e280af3f3ff09f91a9e2808df09f92bb	149,94,128240,121,238,151644,132042,27705,4102,378,107,7646,145233,378,235,145851
d0960ae2808bc3a9f091bc82c3a9372020f09f91a9e2808df09f92bb2744	132042,198,15692,963,128240,120,224,963,22,220,61804,102,378,235,145851,6,35
e28083e4b8ade280a8e28083d8b427440ac28527440d0ae28083	378,225,15946,378,101,378,225,32790,27705,198,126,227,27705,319,378,225
e280a8c2a0f09e93903f3ff09e8bb0	378,101,4102,172,252,241,238,7646,172,23781,108
e28083e285abe2808b	378,225,70467,104,15692
2020f09ea480e4b8ad5ae4b8ad275245e28083	220,220,172,252,97,222,15946,57,15946,94153,378,225
e2808365cc81e28083f091bc82	378,225,963,378,225,128240,120,224
e280afe280a8d9a1e28083f09e9390f091bd90ceb20af09e9390e280a8	378,107,378,101,149,94,378,225,172,252,241,238,128240,121,238,51255,198,172,252,241,238,378,101
f09e9390d9a1	172,252,241,238,149,94
f09092b0e285ab	123934,240,108,70467,104
65cc81f091bc823c2f7468696e6b3e2744e4b8ad65cc81e28083e285abe380803c7c696d5f73746172747c3e21f09e8bb065cc81e280a8d096	963,128240,120,224,151668,27705,15946,963,378,225,70467,104,22441,151644,0,172,23781,108,963,378,101,132042
e280830aceb2e280af3c7468696e6b3e5a3c7468696e6b3ee2808320c2a0f09f91a9e2808df09f92bbe280a8f09f91a9e2808df09f92bb	378,225,198,51255,378,107,151667,57,151667,378,225,220,4102,145233,378,235,145851,378,101,145233,378,235,145851
3c7c696d5f656e647c3e09e280a8d8b4ceb2f09ea4803c7468696e6b3e	151645,197,378,101,32790,51255,172,252,97,222,151667
3f3fd09637	7646,132042,22
d096c2a0e4b8adc2855acc81375fe4b8ad274c6ce280a8d9a1f09f91a9e2808df09f92bb274c6cf091bc8265cc81e280af	132042,4102,15946,126,227,144294,22,62,15946,91426,75,378,101,149,94,145233,378,235,145851,6,43,75,128240,120,224,963,378,107
e280af2776653c2f7468696e6b3e274c6c61cc8121e280aff091bd90e280afe0a4b93c7c696d5f73746172747c3e3c7468696e6b3ec3a965cc81	378,107,3003,151668,91426,75,1953,0,378,107,128240,121,238,378,107,93948,151644,151667,963,963
275245f091bc82f091bc82cc813c7468696e6b3ef09f91a9e2808df09f92bbe0a4b9	94153,128240,120,224,128240,120,224,53839,151667,145233,378,235,145851,93948
0a092744cc81d9a1277665e280a83c2f7468696e6b3eceb25ff09092b0206120d096f09ea480	198,197,27705,53839,149,94,3003,378,101,151668,51255,62,123934,240,108,264,129219,172,252,97,222
e0a4b90d0a20203c7468696e6b3ee4b8ade38080e28083cc81f09092b009e4b8ade2808b5a0a	93948,319,256,151667,15946,22441,378,225,53839,123934,240,108,197,15946,15692,57,198
f091bd90	128240,121,238
ceb2	51255
f091bc822020274c6c3c7468696e6b3e37e380805a	128240,120,224,220,364,43,75,151667,22,22441,57
e280af3c7c696d5f73746172747c3e275245c2a0e280a8	378,107,151644,94153,4102,378,101
e28083f09e8bb0e4b8ade280aff09e93903c7c696d5f73746172747c3e37e280835af09092b021e2808be280830a	378,225,172,23781,108,15946,378,107,172,252,241,238,151644,22,378,225,57,123934,240,108,0,15692,378,225,198
e380802776653c7c696d5f656e647c3e3c7468696e6b3ec2a0e2808309	22441,3003,151645,151667,4102,378,225,197
e280a8f091bd90f09e8bb0274c6c2065cc81d8b43c2f7468696e6b3e	378,101,128240,121,238,172,23781,108,91426,75,3958,32790,151668
e380802776652744e285abd9a121	22441,3003,27705,70467,104,149,94,0
c3a9e280a83c7c696d5f73746172747c3e274c6ce280af277665e285ab2020d8b4	963,378,101,151644,91426,75,378,107,3003,70467,104,220,52157
f09e9390	172,252,241,238
f091bd90c285092776655ff091bd9061ceb2e4b8ad65cc8121	128240,121,238,126,227,197,3003,62,128240,121,238,64,51255,15946,963,0
c28537d9a120274c6ce2808b274c6c2021095a2744	126,227,22,149,94,364,43,75,15692,6,43,75,753,35853,27705
275245373c7468696e6b3ee280a8f091bd900d0ad096f091bd90e38080f09e8bb00a200a5ff09092b061	94153,22,151667,378,101,128240,121,238,319,132042,128240,121,238,22441,172,23781,108,26809,62,123934,240,108,64
2744e2808b27443c7c696d5f73746172747c3ef09092b027445a	27705,15692,6,35,151644,123934,240,108,27705,57
375a3c2f7468696e6b3e2744212020e280af3c7468696e6b3e	22,57,151668,27705,0,256,378,107,151667
f091bc82f091bc82c285ceb2	128240,120,224,128240,120,224,126,227,51255
d8b4f091bd9065cc81f09f91a9e2808df09f92bb5f5ff09e939065cc815a2744f09e9390f09e9390e38080e285ab09f09e8bb03c7c696d5f656e647c3e	32790,128240,121,238,963,145233,378,235,145851,563,172,252,241,238,963,57,27705,172,252,241,238,172,252,241,238,22441,70467,104,197,172,23781,108,151645
e0a4b9d096d096d0963c7c696d5f73746172747c3ec2852744e4b8add096e280af21f09092b0203f3f275245275245	93948,132042,132042,132042,151644,126,227,27705,15946,132042,378,107,0,123934,240,108,9415,6,787,94153
37095ad9a137d096f09092b0f09ea480d8b4f09092b0d0962020	22,35853,149,94,22,132042,123934,240,108,172,252,97,222,32790,123934,240,108,132042,256
f09e9390e280af5a375a274c6cf09e8bb03c7468696e6b3e37	172,252,241,238,378,107,57,22,57,91426,75,172,23781,108,151667,22
f091bd903f3fe285abe280a8e280a8	128240,121,238,7646,70467,104,378,101,378,101
f091bc82274c6c65cc81e0a4b92744e28083610d0ad9a1d9a1e0a4b9	128240,120,224,91426,75,963,93948,27705,378,225,64,319,149,94,149,94,93948
20cc81e4b8ad3c7c696d5f73746172747c3ef091bd90ceb25f2776653c7c696d5f656e647c3ee280aff091bc82	220,53839,15946,151644,128240,121,238,51255,19333,586,151645,378,107,128240,120,224
f09f91a9e2808df09f92bb3c2f7468696e6b3ef091bd90e4b8ade28083e0a4b920	145233,378,235,145851,151668,128240,121,238,15946,378,225,93948,220
61cc8161f091bd90cc81277665f09f91a9e2808df09f92bbf09ea4802752452020	1953,64,128240,121,238,53839,6,586,145233,378,235,145851,172,252,97,222,94153,256
e280835a	378,225,57
f09e8bb0277665275245d8b43f3f3c7c696d5f73746172747c3ec285e2808337	172,23781,108,3003,94153,32790,7646,151644,126,227,378,225,22
2776653c7c696d5f656e647c3ef09f91a9e2808df09f92bb0d0ae0a4b9f09ea480e4b8ad09f091bc8220e0a4b937e280af3c7c696d5f73746172747c3ee280afcc81	3003,151645,145233,378,235,145851,319,93948,172,252,97,222,15946,197,128240,120,224,84310,22,378,107,151644,378,107,53839
2776652752455ae2808b0d0a	3003,94153,57,15692,319
f09ea480	172,252,97,222
275245d9a109277665d8b4e0a4b90ae280afe280af5ae280a83c7468696e6b3ee280a8c285e4b8adf091bd90d9a1	94153,149,94,197,3003,32790,93948,198,378,107,378,107,57,378,101,151667,378,101,126,227,15946,128240,121,238,149,94
ceb237	51255,22
e285ab3f3fd9a1e4b8adf09f91a9e2808df09f92bbd8b4d8b45fcc81d8b4e2808b	70467,104,7646,149,94,15946,145233,378,235,145851,32790,32790,62,53839,32790,15692
d9a1d9a15ff09e9390e285abe2808365cc81e280a8d8b4	149,94,149,94,62,172,252,241,238,70467,104,378,225,963,378,101,32790
c285e2808bd9a120e280af5f65cc815a61	126,227,15692,149,94,220,378,107,62,963,57,64
3c2f7468696e6b3e274437210af091bd9021f091bc8227440a3f3ff09e8bb0ceb2f09ea480	151668,27705,22,4894,128240,121,238,0,128240,120,224,27705,198,7646,172,23781,108,51255,172,252,97,222
2752452752453f3ff091bd90	94153,94153,7646,128240,121,238
e280a8f09092b03f3ff09e8bb065cc81e280af3c2f7468696e6b3e	378,101,123934,240,108,7646,172,23781,108,963,378,107,151668
274427442020f09e93905a275245e0a4b921274c6ccc81275245e280aff09e93906161610d0a	27705,27705,220,220,172,252,241,238,57,94153,93948,31383,43,146423,94153,378,107,172,252,241,238,32646,319
277665	3003
274c6ccc81c2a0277665f09e9390d9a15ff09f91a9e2808df09f92bbc3a9	91426,146423,4102,3003,172,252,241,238,149,94,62,145233,378,235,145851,963
d8b45a	32790,57
d0963c7c696d5f73746172747c3e277665275245c2a0e285abc285f09e8bb0d096d9a13c2f7468696e6b3ef09f91a9e2808df09f92bb	132042,151644,3003,94153,4102,70467,104,126,227,172,23781,108,132042,149,94,151668,145233,378,235,145851
e285abf09e8bb0c285cc81ceb2212744f091bd903c7c696d5f73746172747c3e0d0a5f65cc81	70467,104,172,23781,108,126,227,53839,51255,31383,35,128240,121,238,151644,319,62,963
e280a8f091bd90d9a13c7c696d5f73746172747c3e3765cc81e28083c3a9e2808bf091bc82	378,101,128240,121,238,149,94,151644,22,963,378,225,963,15692,128240,120,224
3c7468696e6b3ee4b8add8b4e38080d9a10d0a274c6c37e2808be285ab	151667,15946,32790,22441,149,94,319,91426,75,22,15692,70467,104
f09f91a9e2808df09f92bbe285abd8b43f3f	145233,378,235,145851,70467,104,32790,7646
c2a0f09e9390e38080d9a1d9a120203c7c696d5f656e647c3e3c2f7468696e6b3ef09f91a9e2808df09f92bb615f0d0ae2808be285abe280a80a	4102,172,252,241,238,22441,149,94,149,94,256,151645,151668,145233,378,235,145851,64,57891,15692,70467,104,378,101,198
2776655af091bd90f09e9390c2a0e280a80ad0960d0a275245e4b8add9a12020ceb2	3003,57,128240,121,238,172,252,241,238,4102,378,101,198,132042,319,94153,15946,149,94,220,33218
e2808be38080e285ab613c7c696d5f73746172747c3ef09092b0e280a83c7c696d5f73746172747c3ee28083277665f09f91a9e2808df09f92bb	15692,22441,70467,104,64,151644,123934,240,108,378,101,151644,378,225,3003,145233,378,235,145851
2020c3a9d0965fd9a15fe4b8adceb2f09e8bb0213c7c696d5f656e647c3ef09ea48037f091bd90	220,3958,132042,62,149,94,62,15946,51255,172,23781,108,0,151645,172,252,97,222,22,128240,121,238
e2808320203737275245f09f91a9e2808df09f92bbe280af	378,225,220,220,22,22,94153,145233,378,235,145851,378,107
f09e8bb03c2f7468696e6b3e21e285abf09f91a9e2808df09f92bbd096	172,23781,108,151668,0,70467,104,145233,378,235,145851,132042
e0a4b9cc81e28083e280a8f09ea480ceb2f09e8bb0	93948,53839,378,225,378,101,172,252,97,222,51255,172,23781,108
274c6cc2a02744d096e280af3c2f7468696e6b3ed096e280af27443f3ff09e9390f091bc822020e38080e4b8ad	91426,75,4102,27705,132042,378,107,151668,132042,378,107,27705,7646,172,252,241,238,128240,120,224,256,22441,15946
ceb2e0a4b9d9a1f091bc82f09e9390f091bd903c7c696d5f656e647c3ed9a13c2f7468696e6b3e	51255,93948,149,94,128240,120,224,172,252,241,238,128240,121,238,151645,149,94,151668
5ff09f91a9e2808df09f92bbc2a0f091bd90c3a9d8b4	62,145233,378,235,145851,4102,128240,121,238,963,32790
d8b409e2808bcc81f09e9390e285ab65cc81	32790,197,15692,53839,172,252,241,238,70467,104,963
e4b8adc2a0c3a9	15946,4102,963
f091bc82f091bd90275245c2a03c7c696d5f73746172747c3ef09e9390f091bd9037e0a4b95f	128240,120,224,128240,121,238,94153,4102,151644,172,252,241,238,128240,121,238,22,93948,62
f09f91a9e2808df09f92bb3f3fc3a9f091bc82274c6cd9a1e4b8ad2776652744f09e93903c7468696e6b3e	145233,378,235,145851,7646,963,128240,120,224,91426,75,149,94,15946,3003,27705,172,252,241,238,151667
61e285abe280a8	64,70467,104,378,101
e285ab0af09e8bb0f091bd90e280a837cc81277665e4b8ad274c6c65cc81f09f91a9e2808df09f92bbe38080f09e8bb0	70467,104,198,172,23781,108,128240,121,238,378,101,22,53839,6,586,15946,91426,75,963,145233,378,235,145851,22441,172,23781,108
275245d9a1f091bd90f09e8bb0e38080e4b8ade38080e0a4b9e2808bc285d9a1213c7468696e6b3e3c7468696e6b3ef09f91a9e2808df09f92bb	94153,149,94,128240,121,238,172,23781,108,22441,15946,22441,93948,15692,126,227,149,94,0,151667,151667,145233,378,235,145851
f09e8bb05f21e0a4b9f09ea480	172,23781,108,62,0,93948,172,252,97,222
3f3ff091bc825a27445acc81f091bc8237d096d8b4d8b465cc81	7646,128240,120,224,57,27705,144294,128240,120,224,22,132042,32790,32790,963
d8b4c285c3a9c285274c6cf09e8bb0612165cc8120203c2f7468696e6b3e	32790,126,227,963,126,227,91426,75,172,23781,108,64,0,963,256,151668
5a	57
f09e8bb061c3a9c2a02744e285abc285e280af27442744e280af2776653c2f7468696e6b3e	172,23781,108,64,963,4102,27705,70467,104,126,227,378,107,27705,27705,378,107,3003,151668
f09e8bb0277665e285ab	172,23781,108,3003,70467,104
0920	3677
f091bc82092776653c7468696e6b3ee0a4b92020	128240,120,224,197,3003,151667,93948,256
f091bc82c2a0274c6c2744e0a4b9f09e8bb0e280a83c7c696d5f73746172747c3ec2a0d8b4	128240,120,224,4102,91426,75,27705,93948,172,23781,108,378,101,151644,4102,32790
2020e38080	256,22441
202109f09f91a9e2808df09f92bbe4b8ad	753,197,145233,378,235,145851,15946
3f3ff09e8bb0d8b4c2853f3f	7646,172,23781,108,32790,126,227,7646
d8b4d096f091bd90e285ab	32790,132042,128240,121,238,70467,104
2020	256
c285	126,227
3c7468696e6b3ed9a1f09e9390e28083e4b8adc3a9e4b8adceb20d0aceb221	151667,149,94,172,252,241,238,378,225,15946,963,15946,51255,319,51255,0
2020f09f91a9e2808df09f92bb3c7c696d5f73746172747c3ee380803c7c696d5f656e647c3ef091bd903c2f7468696e6b3ee280830a3c7468696e6b3ef09ea480	220,61804,102,378,235,145851,151644,22441,151645,128240,121,238,151668,378,225,198,151667,172,252,97,222
e2808b2020d0960d0ac3a9277665d096	15692,220,129219,319,963,3003,132042
f091bc82d9a109	128240,120,224,149,94,197
3c7c696d5f73746172747c3ec2a03f3f0d0ae285ab	151644,4102,7646,319,70467,104
e38080216165cc81d096cc813c2f7468696e6b3e274c6c3f3f21ceb23c7c696d5f656e647c3e3c2f7468696e6b3e277665	22441,0,64,963,132042,53839,151668,91426,75,7646,0,51255,151645,151668,3003
277665e285abd8b4f09092b0cc81e280af3f3ff09e8bb0e280af3c2f7468696e6b3ed8b43c2f7468696e6b3e3c7c696d5f656e647c3e	3003,70467,104,32790,123934,240,108,53839,378,107,7646,172,23781,108,378,107,151668,32790,151668,151645
c285d8b42752450ae280af2776653c7c696d5f656e647c3ec2852744	126,227,32790,94153,198,378,107,3003,151645,126,227,27705
f09f91a9e2808df09f92bb3c7c696d5f656e647c3e37e285abe280afc285	145233,378,235,145851,151645,22,70467,104,378,107,126,227
e4b8ade285abe0a4b9	15946,70467,104,93948
f09092b065cc81d8b4	123934,240,108,963,32790
3c7c696d5f656e647c3e	151645
2020f091bc82373c7c696d5f656e647c3ee2808b3c7468696e6b3e	220,220,128240,120,224,22,151645,15692,151667
f091bd900a20c2a03c2f7468696e6b3e65cc8137d096f09e8bb0373c2f7468696e6b3e27443c7c696d5f656e647c3ef09e93903c2f7468696e6b3e61f091bc82	128240,121,238,198,17091,151668,963,22,132042,172,23781,108,22,151668,27705,151645,172,252,241,238,151668,64,128240,120,224
e280a8e2808bd9a121cc81c2a0f09ea48065cc81d096	378,101,15692,149,94,0,53839,4102,172,252,97,222,963,132042
e4b8ad5f65cc81277665e2808bf091bc82e280afe0a4b90ad8b4d9a1f09f91a9e2808df09f92bb	15946,62,963,3003,15692,128240,120,224,378,107,93948,198,32790,149,94,145233,378,235,145851
c3a92744c285e285abf091bd90cc81e2808bcc81c285f09e939020203c7468696e6b3e	963,27705,126,227,70467,104,128240,121,238,53839,15692,53839,126,227,172,252,241,238,256,151667
f09ea480d8b43c7468696e6b3e2020c2a0e280aff09e8bb0	172,252,97,222,32790,151667,256,4102,378,107,172,23781,108
3c7c696d5f656e647c3ef09092b020e280830d0af09092b0c3a93f3f3f3f2020	151645,123934,240,108,636,225,319,123934,240,108,963,26610,256
d9a13c2f7468696e6b3e0d0ac3a9	149,94,151668,319,963
c285274c6ce2808b5fc3a92744e2808361d096e38080f091bc82c3a909	126,227,91426,75,15692,62,963,27705,378,225,64,132042,22441,128240,120,224,963,197
0a37e280a8f09e8bb0	198,22,378,101,172,23781,108
f091bc82e285ab2744c2a03f3fe38080e0a4b9	128240,120,224,70467,104,27705,4102,7646,22441,93948
5fc3a9e28083e285ab274c6c2744cc8121e0a4b93c2f7468696e6b3e	62,963,378,225,70467,104,91426,75,27705,53839,0,93948,151668
2020d9a1d9a1f09ea480274c6c5ff091bd90f09ea48061c2a0	220,220,149,94,149,94,172,252,97,222,91426,75,62,128240,121,238,172,252,97,222,64,4102
61274c6c3c7c696d5f656e647c3ed096d9a1d9a1e280aff09ea48009	64,91426,75,151645,132042,149,94,149,94,378,107,172,252,97,222,197
e0a4b9d8b43c7c696d5f656e647c3e277665e285abd096c2a0d8b427440d0a21c3a9f091bc82	93948,32790,151645,3003,70467,104,132042,4102,32790,27705,319,0,963,128240,120,224
d09637e380803f3f2744274c6cc3a9	132042,22,22441,7646,6,35,91426,75,963
213f3fd9a10af09092b0c3a9e380805a09f09e8bb065cc815f	0,7646,149,94,198,123934,240,108,963,22441,57,197,172,23781,108,963,62
2776650ae0a4b9277665275245d8b43f3fe280a8cc81c3a9c2a065cc8120e2808b	3003,198,93948,3003,94153,32790,7646,378,101,53839,963,4102,963,29748
f09092b0e0a4b9	123934,240,108,93948
65cc81d9a1	963,149,94
3c7c696d5f73746172747c3ef09f91a9e2808df09f92bbf09e93903c7c696d5f73746172747c3ef09e8bb0	151644,145233,378,235,145851,172,252,241,238,151644,172,23781,108
d8b4f09e8bb037e38080f09092b0274c6ce28083ceb2277665e285abe285ab3c7c696d5f73746172747c3e09f091bd90e280a8c2a0	32790,172,23781,108,22,22441,123934,240,108,91426,75,378,225,51255,3003,70467,104,70467,104,151644,197,128240,121,238,378,101,4102
e2808bd9a1e0a4b9e280af61e4b8add8b4e280a8f091bc823f3f20200d0a202020	15692,149,94,93948,378,107,64,15946,32790,378,101,128240,120,224,7646,10419,262
2752450d0a2752453c7468696e6b3ee2808b274c6cc2a0ceb2093c7468696e6b3e	94153,319,94153,151667,15692,6,43,75,4102,51255,197,151667
e38080	22441
e0a4b92020d9a120f09092b0f09092b0c2a03f3f61ceb23f3f20202752452744e380805a	93948,220,220,149,94,220,123934,240,108,123934,240,108,4102,7646,64,51255,7646,220,364,787,27705,22441,57
5a20d8b43c7468696e6b3ef09092b02020	57,52157,151667,123934,240,108,256
3c7c696d5f73746172747c3eceb2f091bc82ceb2e28083cc81c3a93c7c696d5f656e647c3e	151644,51255,128240,120,224,51255,378,225,53839,963,151645
212020f09e8bb0e285abc2852744d9a1e280af210a	0,220,220,172,23781,108,70467,104,126,227,27705,149,94,378,107,4894
e0a4b965cc813c2f7468696e6b3ed9a1274c6c3c7c696d5f656e647c3e3c7468696e6b3e3f3f20e38080	93948,963,151668,149,94,91426,75,151645,151667,7646,220,22441
2752453c7468696e6b3e65cc81274465cc81f09e8bb03c7c696d5f73746172747c3e	94153,151667,963,27705,963,172,23781,108,151644
e3808027443c2f7468696e6b3ef09e8bb0f09e8bb0f091bd90c2850a3c7c696d5f656e647c3e37e4b8adf09e9390f091bc82e285ab	22441,27705,151668,172,23781,108,172,23781,108,128240,121,238,126,227,198,151645,22,15946,172,252,241,238,128240,120,224,70467,104
3c7468696e6b3e213f3f2752453f3fc2a0e2808be285ab20	151667,0,7646,6,787,7646,4102,15692,70467,104,220
f09e8bb00a5a0a2020093c7468696e6b3e2061d8b4c2a02744d096e4b8ad095aceb2	172,23781,108,198,57,198,19271,151667,264,32790,4102,27705,132042,15946,35853,51255
3737c285274c6cf09092b020d9a1e4b8ad274c6cd8b4f09092b0f09ea480277665f091bc82	22,22,126,227,91426,75,123934,240,108,220,149,94,15946,91426,75,32790,123934,240,108,172,252,97,222,3003,128240,120,224
d8b4c2a0ceb25fe380802744f09e9390e4b8add9a1277665f091bc82c28509e285ab093c7c696d5f73746172747c3e	32790,4102,51255,62,22441,27705,172,252,241,238,15946,149,94,3003,128240,120,224,126,227,197,70467,104,197,151644
d9a1e0a4b9f09f91a9e2808df09f92bbf091bc8265cc81e280aff09ea4803c2f7468696e6b3ef09e8bb0f09ea48020c2a0ceb2e280833c2f7468696e6b3ee38080	149,94,93948,145233,378,235,145851,128240,120,224,963,378,107,172,252,97,222,151668,172,23781,108,172,252,97,222,220,4102,51255,378,225,151668,22441
3c7468696e6b3ed8b42020e280a8e2808bd9a13c7c696d5f73746172747c3e3c2f7468696e6b3ee2808b61275245	151667,32790,256,378,101,15692,149,94,151644,151668,15692,64,94153
37d8b4373f3fcc81d8b4e0a4b9c2a0e280aff09092b0e28083f09f91a9e2808df09f92bbc3a9c2a0	22,32790,22,7646,53839,32790,93948,4102,378,107,123934,240,108,378,225,145233,378,235,145851,963,4102
213c7c696d5f656e647c3e2020f09e9390f091bc822020	0,151645,220,220,172,252,241,238,128240,120,224,256
275245d8b43727766509f09e8bb0e3808021ceb2e280afe0a4b9e280a8f09ea480e38080d096c285	94153,32790,22,3003,197,172,23781,108,22441,0,51255,378,107,93948,378,101,172,252,97,222,22441,132042,126,227
e280a8ceb2f09f91a9e2808df09f92bbf09e8bb03c7468696e6b3ef09ea480e0a4b90a274c6c0ac28537e280afe0a4b9	378,101,51255,145233,378,235,145851,172,23781,108,151667,172,252,97,222,93948,198,91426,75,198,126,227,22,378,107,93948
e2808b2744d096c2a065cc815a275245e280a80a3c7c696d5f656e647c3e0d0ae280afe28083ceb2f09f91a9e2808df09f92bb	15692,6,35,132042,4102,963,57,94153,378,101,198,151645,319,378,107,378,225,51255,145233,378,235,145851
20274c6c275245202020e28083ceb2f091bc82092020d8b4	364,43,75,94153,262,378,225,51255,128240,120,224,3677,52157
c2a0e285ab0961f091bd90f091bc82d9a1ceb2	4102,70467,104,11323,128240,121,238,128240,120,224,149,94,51255
5ff09e8bb0274c6ccc81	62,172,23781,108,91426,146423
65cc812020274c6c277665e2808b21f09e939065cc81e0a4b9f09e9390e280aff091bd90e3808037f09092b0	963,220,364,43,75,3003,15692,0,172,252,241,238,963,93948,172,252,241,238,378,107,128240,121,238,22441,22,123934,240,108
d8b4f091bc820d0ac2a0e280835a274c6cf09e9390274c6ce0a4b9274c6c274c6c61	32790,128240,120,224,319,4102,378,225,57,91426,75,172,252,241,238,91426,75,93948,91426,75,91426,75,64
f09e9390e380802020e280a82744274c6ccc81	172,252,241,238,22441,256,378,101,27705,91426,146423
0ad8b4f09ea480e38080e0a4b93f3f3f3f	198,32790,172,252,97,222,22441,93948,26610
0d0a3c7c696d5f656e647c3e277665e28083275245	319,151645,3003,378,225,94153
277665ceb209d096ceb2e2808bf091bd90f091bc822776650af091bc82277665e280a8f091bc82e280af277665	3003,51255,197,132042,51255,15692,128240,121,238,128240,120,224,3003,198,128240,120,224,3003,378,101,128240,120,224,378,107,3003
2020d8b4373c7c696d5f73746172747c3e0ae2808bd9a13c7c696d5f656e647c3ef09e8bb05acc81f09f91a9e2808df09f92bb3f3f61	220,52157,22,151644,198,15692,149,94,151645,172,23781,108,144294,145233,378,235,145851,7646,64
3c7c696d5f73746172747c3ec3a9f09092b0f091bd90c2a0e285abc3a9d0965a5af09092b0c3a9f09ea480e4b8ad2020	151644,963,123934,240,108,128240,121,238,4102,70467,104,963,132042,33536,123934,240,108,963,172,252,97,222,15946,256
e2808320	378,225,220
e28083f09e9390e4b8ade38080c2853f3fd9a1202061c3a9f091bc82f09e93905a5fe280af	378,225,172,252,241,238,15946,22441,126,227,7646,149,94,220,264,963,128240,120,224,172,252,241,238,57,62,378,107
d096c2a03f3f2744f09e8bb0f091bc82f09e8bb02020e280a820cc81f09ea480e0a4b9e280a8	132042,4102,7646,6,35,172,23781,108,128240,120,224,172,23781,108,256,378,101,220,53839,172,252,97,222,93948,378,101
e28083e28083c2a03c7468696e6b3ee285ab65cc81c3a92020f09e8bb00d0aceb2f09f91a9e2808df09f92bb61e285abe4b8ad	378,225,378,225,4102,151667,70467,104,963,963,220,220,172,23781,108,319,51255,145233,378,235,145851,64,70467,104,15946
d0962744e280a8e28083f091bc82f09e8bb0cc8109f091bd90ceb2	132042,27705,378,101,378,225,128240,120,224,172,23781,108,53839,197,128240,121,238,51255
0d0af09e9390e280afe280afe2808be0a4b9c285e285ab37d09621f09f91a9e2808df09f92bb	319,172,252,241,238,378,107,378,107,15692,93948,126,227,70467,104,22,132042,0,145233,378,235,145851
5aceb20a	57,51255,198
f09ea4803f3f20274c6cceb2275245f091bc82	172,252,97,222,7646,364,43,75,51255,94153,128240,120,224
2744e280a8f09ea4800d0a3f3f	27705,378,101,172,252,97,222,319,7646
e2808b65cc81c2a0e4b8ad0d0a3c7c696d5f73746172747c3e615a	15692,963,4102,15946,319,151644,64,57
09e0a4b9f09ea4803c7c696d5f73746172747c3ef09ea48020e285abd8b421	197,93948,172,252,97,222,151644,172,252,97,222,220,70467,104,32790,0
e0a4b93c7c696d5f656e647c3ec285c2a03c2f7468696e6b3e20e285abc3a9	93948,151645,126,227,4102,151668,220,70467,104,963
e280af3c7c696d5f656e647c3ee280833c7468696e6b3e2744d8b4c285	378,107,151645,378,225,151667,27705,32790,126,227
e280af2161f09e8bb0	378,107,0,64,172,23781,108
3c7c696d5f73746172747c3ec285092020e38080e280a8613f3f3c2f7468696e6b3ee2808bc2853c7c696d5f73746172747c3ed096	151644,126,227,8689,22441,378,101,64,7646,151668,15692,126,227,151644,132042
2020e4b8ad275245d9a1c285275245200d0ae4b8adcc81cc81	220,72858,94153,149,94,126,227,94153,2529,15946,53839,53839
e285ab21e0a4b93c7c696d5f656e647c3ed9a1e280afc285e280a82744f091bd90d8b42752456165cc810d0a3c7c696d5f73746172747c3e	70467,104,0,93948,151645,149,94,378,107,126,227,378,101,27705,128240,121,238,32790,94153,64,963,319,151644
2744cc810d0ac2a0e280afe280aff09e9390c2a0e285ab61f09e8bb0613c2f7468696e6b3e	27705,53839,319,4102,378,107,378,107,172,252,241,238,4102,70467,104,64,172,23781,108,64,151668
5a20c2a0277665090921f09ea4803c2f7468696e6b3ef09e8bb0	57,220,4102,3003,197,197,0,172,252,97,222,151668,172,23781,108
3c7c696d5f73746172747c3eceb2	151644,51255
e280a8e380805a3c7468696e6b3ed9a1c2a05f27440965cc81d9a121ceb2f09f91a9e2808df09f92bbe285abe280a8	378,101,22441,57,151667,149,94,4102,19333,35,197,963,149,94,0,51255,145233,378,235,145851,70467,104,378,101
cc8120200acc81e280a83c7468696e6b3e	53839,2303,53839,378,101,151667
f09e8bb0f09e8bb03c7c696d5f73746172747c3ed9a137f09e93903c7468696e6b3e61274420200a2752450d0af091bd90e280afceb2	172,23781,108,172,23781,108,151644,149,94,22,172,252,241,238,151667,64,27705,2303,94153,319,128240,121,238,378,107,51255
c28565cc81e280a827445a274c6c3c7c696d5f656e647c3e	126,227,963,378,101,27705,57,91426,75,151645
d8b4e2808b093c7468696e6b3ee280af202009e2808b3c7c696d5f73746172747c3ef091bc82c2a0095ae38080f09092b0	32790,15692,197,151667,378,107,256,197,15692,151644,128240,120,224,4102,35853,22441,123934,240,108
f09f91a9e2808df09f92bbf09ea480e280a8f09e93905fe4b8add096c2a020202752453f3fc285e285ab	145233,378,235,145851,172,252,97,222,378,101,172,252,241,238,62,15946,132042,4102,220,364,787,7646,126,227,70467,104
d096610a65cc815af09092b0	132042,64,198,963,57,123934,240,108
61205a3f3fe280a8f09f91a9e2808df09f92bb3c7c696d5f656e647c3e2020	64,1863,7646,378,101,145233,378,235,145851,151645,256
3c7c696d5f656e647c3e37	151645,22
c3a93c7468696e6b3e	963,151667
f09e9390f09ea4803c7468696e6b3e3c2f7468696e6b3ee2808bd9a1c2a0c2a0	172,252,241,238,172,252,97,222,151667,151668,15692,149,94,9238
e0a4b9e280aff091bc82274c6ce280afd9a109ceb2e285ab3f3fe28083f09e8bb0e28083f091bd90f09092b0e280afcc81	93948,378,107,128240,120,224,91426,75,378,107,149,94,197,51255,70467,104,7646,378,225,172,23781,108,378,225,128240,121,238,123934,240,108,378,107,53839
275245e38080f091bc82c2a03c7468696e6b3e	94153,22441,128240,120,224,4102,151667
e2808b275245e3808020d096e4b8ad0a2020	15692,6,787,22441,129219,15946,198,256
e2808b	15692
0ad8b4e2808365cc81e380803c7468696e6b3ee285abf09092b061e2808b215ff09092b0e285abf09e8bb0	198,32790,378,225,963,22441,151667,70467,104,123934,240,108,64,15692,0,62,123934,240,108,70467,104,172,23781,108
0a	198
f09092b0f09ea480e380805af09e9390cc81	123934,240,108,172,252,97,222,22441,57,172,252,241,238,53839
3c7468696e6b3e3f3f3f3fc2a0e0a4b9c2a0275245e380805ff09e8bb009	151667,26610,4102,93948,4102,94153,22441,62,172,23781,108,197
e280a8f09f91a9e2808df09f92bb20d8b4c28520d9a15f373c7468696e6b3e	378,101,145233,378,235,145851,52157,126,227,220,149,94,62,22,151667
e0a4b9f09e8bb02752453c2f7468696e6b3ee280a82744f091bc82c2a0274c6c21e0a4b9c3a9277665e380805fe28083	93948,172,23781,108,94153,151668,378,101,27705,128240,120,224,4102,91426,75,0,93948,963,3003,22441,62,378,225
e380803c7468696e6b3eceb2f09e93906165cc81f09e8bb0	22441,151667,51255,172,252,241,238,64,963,172,23781,108
21e280a865cc81	0,378,101,963
2020d8b4274c6ce2808be280aff09092b0e38080274c6cd8b4274c6ce380803c7c696d5f656e647c3ee38080095a2020	220,52157,91426,75,15692,378,107,123934,240,108,22441,91426,75,32790,91426,75,22441,151645,22441,35853,256
f09e8bb0e280aff09e93903f3f	172,23781,108,378,107,172,252,241,238,7646
f091bd90c2a009275245c285e0a4b93f3f274c6c275245f09092b0cc81f091bc8237c3a93c7c696d5f656e647c3e2020f09ea480	128240,121,238,4102,197,94153,126,227,93948,7646,6,43,75,94153,123934,240,108,53839,128240,120,224,22,963,151645,220,220,172,252,97,222
c285f09f91a9e2808df09f92bb	126,227,145233,378,235,145851
65cc81cc81f09f91a9e2808df09f92bbf09e8bb0e2808bc3a95a274437f091bc82f09e8bb0f091bd903c7c696d5f73746172747c3e3709	963,53839,145233,378,235,145851,172,23781,108,15692,963,57,27705,22,128240,120,224,172,23781,108,128240,121,238,151644,22,197
21275245e280afe0a4b9	31383,787,378,107,93948
ceb2610d0ae2808b0a3c7c696d5f656e647c3ee28083e280af20c2a061	51255,64,319,15692,198,151645,378,225,378,107,220,4102,64
d9a1277665e4b8adc3a93f3ff09e9390613c7468696e6b3e2744e280af3c2f7468696e6b3ee280a8d8b4d096c3a9	149,94,3003,15946,963,7646,172,252,241,238,64,151667,27705,378,107,151668,378,101,32790,132042,963
e280a8e0a4b9c285e2808b61	378,101,93948,126,227,15692,64
3c7c696d5f73746172747c3ef091bc82f09e8bb00ae380805f3c7c696d5f656e647c3ee2808b275245	151644,128240,120,224,172,23781,108,198,22441,62,151645,15692,6,787
3c2f7468696e6b3ef09092b0cc81c3a9e380803c7c696d5f73746172747c3e3c7c696d5f656e647c3ecc81ceb2c3a9d0962744f09092b0	151668,123934,240,108,53839,963,22441,151644,151645,53839,51255,963,132042,27705,123934,240,108
f09e9390e38080e2808bf09e8bb0	172,252,241,238,22441,15692,172,23781,108
e285ab275245e4b8adf09f91a9e2808df09f92bbe2808bd096	70467,104,94153,15946,145233,378,235,145851,15692,132042
3c2f7468696e6b3ef09ea480f09ea4800d0a275245e0a4b95ae28083f091bc822020f09f91a9e2808df09f92bb	151668,172,252,97,222,172,252,97,222,319,94153,93948,57,378,225,128240,120,224,220,61804,102,378,235,145851
202065cc813c7468696e6b3ef09f91a9e2808df09f92bb	220,3958,151667,145233,378,235,145851
f09f91a9e2808df09f92bb0d0a	145233,378,235,145851,319
20f09f91a9e2808df09f92bbe38080f091bd90f09e9390c3a9d09627766561	61804,102,378,235,145851,22441,128240,121,238,172,252,241,238,963,132042,3003,64
213c2f7468696e6b3ee280afe280a83c2f7468696e6b3e2744	0,151668,378,107,378,101,151668,27705
d0965f277665f091bc82f09e939020e2808bd9a1	132042,19333,586,128240,120,224,172,252,241,238,29748,149,94
ceb2f09ea480200d0ad8b4f09e8bb0f091bd900d0af09ea480	51255,172,252,97,222,2529,32790,172,23781,108,128240,121,238,319,172,252,97,222
3c2f7468696e6b3e274437275245f09092b0d8b4e280af3c2f7468696e6b3ef09e93903c7468696e6b3ed8b4c2852744c3a92744f09f91a9e2808df09f92bb20	151668,27705,22,94153,123934,240,108,32790,378,107,151668,172,252,241,238,151667,32790,126,227,27705,963,27705,145233,378,235,145851,220
3c7c696d5f73746172747c3e610a21c285e0a4b9e4b8ad65cc81f09ea480275245f091bd902744d8b4277665f09f91a9e2808df09f92bbf09e93903c7c696d5f73746172747c3e	151644,64,198,0,126,227,93948,15946,963,172,252,97,222,94153,128240,121,238,27705,32790,3003,145233,378,235,145851,172,252,241,238,151644
c285e4b8ad373c7468696e6b3e277665e38080f09092b0e2808b3c7c696d5f73746172747c3ecc81	126,227,15946,22,151667,3003,22441,123934,240,108,15692,151644,53839
09c28520e285ab3c2f7468696e6b3e21f09ea4802744f09f91a9e2808df09f92bbe285abe285ab2752452752452020	197,126,227,220,70467,104,151668,0,172,252,97,222,27705,145233,378,235,145851,70467,104,70467,104,94153,94153,256
d096e28083e280afcc81f091bd905fe2808bc285e0a4b9e4b8adf091bd90	132042,378,225,378,107,53839,128240,121,238,62,15692,126,227,93948,15946,128240,121,238
277665e0a4b9210a	3003,93948,4894
e0a4b9f091bc82274c6c61	93948,128240,120,224,91426,75,64
e280833c7c696d5f73746172747c3ed9a1f09e93900d0a5f274c6ce28083f091bd90f091bd90f09e9390c285d0962776650ac3a9	378,225,151644,149,94,172,252,241,238,319,19333,43,75,378,225,128240,121,238,128240,121,238,172,252,241,238,126,227,132042,3003,198,963
e4b8ad277665f09f91a9e2808df09f92bbf09f91a9e2808df09f92bbf09ea480c2a03f3f09	15946,3003,145233,378,235,145851,145233,378,235,145851,172,252,97,222,4102,7646,197
3c7c696d5f73746172747c3e274465cc81277665f091bc82f091bd902752453c2f7468696e6b3e3c7468696e6b3ef09e93903c7468696e6b3e3c2f7468696e6b3ef091bd903c7c696d5f73746172747c3e5a2021	151644,27705,963,3003,128240,120,224,128240,121,238,94153,151668,151667,172,252,241,238,151667,151668,128240,121,238,151644,57,753
0d0ac2a0e38080f091bc823709d9a1ceb2c2a03c7c696d5f73746172747c3e5f3c7c696d5f73746172747c3e213c7468696e6b3e5fc285c3a9	319,4102,22441,128240,120,224,22,197,149,94,51255,4102,151644,62,151644,0,151667,62,126,227,963
f09f91a9e2808df09f92bbf09092b0c2a0e280afe285ab3c7468696e6b3e2744275245	145233,378,235,145851,123934,240,108,4102,378,107,70467,104,151667,27705,94153
e38080e280af20d9a1f09092b0c2a00d0aceb23c2f7468696e6b3e3c7468696e6b3e	22441,378,107,220,149,94,123934,240,108,4102,319,51255,151668,151667
e285abe0a4b93c7c696d5f73746172747c3e65cc81cc81e285ab610af091bc82cc81277665d8b42744c2855ad096275245	70467,104,93948,151644,963,53839,70467,104,64,198,128240,120,224,53839,6,586,32790,27705,126,227,57,132042,94153
f091bd90f09e8bb0f09ea4802744c285f09f91a9e2808df09f92bbc2a0e285ab3c7468696e6b3e20e0a4b9d8b4277665	128240,121,238,172,23781,108,172,252,97,222,27705,126,227,145233,378,235,145851,4102,70467,104,151667,84310,32790,3003
e38080e4b8ad27524537	22441,15946,94153,22
0d0a0a0a0ae0a4b9f09f91a9e2808df09f92bbc2a02744274c6c0d0ae380805a	201,1022,93948,145233,378,235,145851,4102,27705,91426,75,319,22441,57
5ae280af274c6ce280a8f091bc82	57,378,107,91426,75,378,101,128240,120,224
2752450a0d0a37c2a021e2808bc285c2853c7c696d5f656e647c3e3c2f7468696e6b3ef09092b03c2f7468696e6b3ee0a4b9c2a0cc815a	94153,198,319,22,4102,0,15692,126,227,126,227,151645,151668,123934,240,108,151668,93948,4102,53839,57
cc81f09e8bb0e285ab277665e280afcc810d0acc81e2808309f09f91a9e2808df09f92bbe280a8e38080e38080	53839,172,23781,108,70467,104,3003,378,107,53839,319,53839,378,225,197,145233,378,235,145851,378,101,43429
f09f91a9e2808df09f92bb3f3f275245e285ab	145233,378,235,145851,7646,6,787,70467,104
275245e0a4b920205ff091bd90	94153,93948,220,716,128240,121,238
5f21	62,0
65cc81e280a82165cc813c7468696e6b3e5fe2808b	963,378,101,0,963,151667,62,15692
2744202037275245c285d9a1e0a4b92776652776653c7c696d5f73746172747c3ef091bc8237f09e9390	27705,220,220,22,94153,126,227,149,94,93948,3003,3003,151644,128240,120,224,22,172,252,241,238
5af091bc8220205ae285ab2020e4b8ad274c6ce285ab	57,128240,120,224,220,1863,70467,104,220,72858,91426,75,70467,104
27524565cc8161c3a9	94153,963,64,963
f09e8bb0f09e8bb0e4b8ad213c7468696e6b3e277665e280afe280a8e2808b3f3fe0a4b9f09e8bb02744f09ea480d0963c7c696d5f656e647c3ee38080	172,23781,108,172,23781,108,15946,0,151667,3003,378,107,378,101,15692,7646,93948,172,23781,108,27705,172,252,97,222,132042,151645,22441
3f3f0a61277665c3a9e0a4b93c2f7468696e6b3e613c2f7468696e6b3ed9a13c7c696d5f656e647c3e	30,5267,64,3003,963,93948,151668,64,151668,149,94,151645
2744	27705
61275245	64,94153
cc81f091bc82277665e280a8e280afe2808be0a4b93c7c696d5f73746172747c3e093c7c696d5f73746172747c3e20e280a8c3a92744e0a4b9	53839,128240,120,224,3003,378,101,378,107,15692,93948,151644,197,151644,220,378,101,963,27705,93948
f09092b0d8b43c7468696e6b3ef09092b0e280a8	123934,240,108,32790,151667,123934,240,108,378,101
65cc813c7c696d5f656e647c3ee380800d0a3c2f7468696e6b3ee2808bf09ea48065cc813f3f274421cc813f3fceb2213c7c696d5f73746172747c3e	963,151645,22441,319,151668,15692,172,252,97,222,963,7646,6,35,0,53839,7646,51255,0,151644
2744e2808b213c7c696d5f73746172747c3e5a	27705,15692,0,151644,57
2744e280a8e0a4b9e280afc3a9212744c285e280a8cc81c285e280afe2808bf09092b020203c7c696d5f656e647c3e2020	27705,378,101,93948,378,107,963,31383,35,126,227,378,101,53839,126,227,378,107,15692,123934,240,108,256,151645,256
5fe38080f09ea4805ae28083f091bc82d8b465cc81	62,22441,172,252,97,222,57,378,225,128240,120,224,32790,963
3f3f3f3f3c2f7468696e6b3e275245e280af5f3c7c696d5f73746172747c3e3c7c696d5f656e647c3ef091bd90f09092b0e280832744cc815a65cc815a277665	26610,151668,94153,378,107,62,151644,151645,128240,121,238,123934,240,108,378,225,27705,53839,57,963,57,3003
09f09f91a9e2808df09f92bb0af09e8bb0275245e280a8f09e8bb0f091bc82f09e8bb0	197,145233,378,235,145851,198,172,23781,108,94153,378,101,172,23781,108,128240,120,224,172,23781,108
f09f91a9e2808df09f92bbd8b4277665ceb2	145233,378,235,145851,32790,3003,51255
d8b4e38080f091bd90	32790,22441,128240,121,238
0d0af09092b0ceb2f09ea480f09ea480275245d9a12744	319,123934,240,108,51255,172,252,97,222,172,252,97,222,94153,149,94,27705
61f09e8bb0200d0a3f3ff091bc823c7c696d5f656e647c3ec2a0f09e8bb0c3a9d9a1c3a92744e4b8adf09092b0	64,172,23781,108,2529,7646,128240,120,224,151645,4102,172,23781,108,963,149,94,963,27705,15946,123934,240,108
21e38080e2808b0ae280a8ceb25f3c7c696d5f656e647c3ed8b43c7c696d5f656e647c3e	0,22441,15692,198,378,101,51255,62,151645,32790,151645
61274c6c6137f09ea480e280afe280835f274c6ce280a83c7468696e6b3ec2a0f091bc82274c6c65cc815ff091bc82	64,91426,75,64,22,172,252,97,222,378,107,378,225,19333,43,75,378,101,151667,4102,128240,120,224,91426,75,963,62,128240,120,224
37c2a0f09ea480f09092b0d9a1e2808b3c2f7468696e6b3e277665e38080	22,4102,172,252,97,222,123934,240,108,149,94,15692,151668,3003,22441
f09ea480e4b8ade2808bf09f91a9e2808df09f92bb27442020c285f09ea48009f09e8bb0f09e8bb0e2808320f09092b0	172,252,97,222,15946,15692,145233,378,235,145851,6,35,256,126,227,172,252,97,222,197,172,23781,108,172,23781,108,378,225,220,123934,240,108
c3a93c7c696d5f73746172747c3e3c2f7468696e6b3e61c2a0c2a0f09e8bb0c2a0	963,151644,151668,64,4102,4102,172,23781,108,4102
203c7c696d5f656e647c3eceb25fe280af20f09ea480	220,151645,51255,62,378,107,220,172,252,97,222
37f09e8bb05fe0a4b9f09e9390f09ea480f091bd90e280aff09e9390cc81e4b8adc3a9	22,172,23781,108,62,93948,172,252,241,238,172,252,97,222,128240,121,238,378,107,172,252,241,238,53839,15946,963
277665e285abf09092b0613c2f7468696e6b3e5a	3003,70467,104,123934,240,108,64,151668,57
27442752453c7c696d5f73746172747c3ed096d9a1e380803f3f3c7468696e6b3ecc8137e28083e28083f09f91a9e2808df09f92bbcc8137c3a9	27705,94153,151644,132042,149,94,22441,7646,151667,53839,22,378,225,378,225,145233,378,235,145851,53839,22,963
c3a9f09092b03c7c696d5f73746172747c3ef09ea480f09f91a9e2808df09f92bbf09e9390275245f09e8bb0e2808be28083274c6c093c7c696d5f73746172747c3ee38080cc81	963,123934,240,108,151644,172,252,97,222,145233,378,235,145851,172,252,241,238,94153,172,23781,108,15692,378,225,91426,75,197,151644,22441,53839
f09e9390cc81277665cc813c7468696e6b3e	172,252,241,238,53839,6,51174,151667
213f3fd8b40d0ad0960ac2a05ac2853c7c696d5f73746172747c3e2752453f3fd8b4	0,7646,32790,319,132042,198,4102,57,126,227,151644,94153,7646,32790
e38080f09e9390f091bd90e28083cc813c7c696d5f656e647c3e3c2f7468696e6b3e	22441,172,252,241,238,128240,121,238,378,225,53839,151645,151668
0a5f37cc813c7468696e6b3e274c6c	198,62,22,53839,151667,91426,75
373c7468696e6b3e274c6cf09e8bb0	22,151667,91426,75,172,23781,108
65cc813c7c696d5f73746172747c3e3c7c696d5f73746172747c3e27443c2f7468696e6b3ef09e9390274c6c090a205fc2853f3fcc81	963,151644,151644,27705,151668,172,252,241,238,91426,75,1572,716,126,227,7646,53839
c2855a274c6cf091bd9009d9a1ceb2e280a8d9a1	126,227,57,91426,75,128240,121,238,197,149,94,51255,378,101,149,94
275245c3a9f09e9390f091bc823c7c696d5f656e647c3ee380803f3f3c7c696d5f656e647c3e	94153,963,172,252,241,238,128240,120,224,151645,22441,7646,151645
d09609c2a0e2808b3f3f65cc8165cc8120ceb2	132042,197,4102,15692,7646,963,963,33218
0a3c7c696d5f656e647c3e2020e380802127443c2f7468696e6b3e09277665277665e0a4b965cc81f09e8bb0f091bc82f09f91a9e2808df09f92bb	198,151645,256,22441,31383,35,151668,197,3003,3003,93948,963,172,23781,108,128240,120,224,145233,378,235,145851
0d0a0a	80823
e38080d9a1	22441,149,94
3f3f5ac3a9d9a137f09e9390e2808be2808bd8b4c2a0	7646,57,963,149,94,22,172,252,241,238,87896,32790,4102
3c7468696e6b3ee4b8adceb2	151667,15946,51255
f09092b0e28083277665f09e93900af091bc82e285ab2009cc81203f3ff091bd90e280afe4b8ad20c2a0	123934,240,108,378,225,3003,172,252,241,238,198,128240,120,224,70467,104,220,197,53839,9415,128240,121,238,378,107,15946,17091
f09e8bb061f09f91a9e2808df09f92bbc2a0e280a8c28561e38080	172,23781,108,64,145233,378,235,145851,4102,378,101,126,227,64,22441
2744c2a02744e280a80ae4b8adf091bd900d0a277665f09092b0	27705,4102,27705,378,101,198,15946,128240,121,238,319,3003,123934,240,108
2744f09ea4800a0a275245275245d9a137e280af20e2808b	27705,172,252,97,222,271,94153,94153,149,94,22,378,107,29748
d096c285274c6ce28083274c6c2037370d0ad8b43f3f3f3f	132042,126,227,91426,75,378,225,91426,75,220,22,22,319,32790,26610
c2a0c285e280af	4102,126,227,378,107
e2808bf09f91a9e2808df09f92bb275245277665f091bc82e280af0a27445f2744e4b8ade280a8	15692,145233,378,235,145851,6,787,3003,128240,120,224,378,107,198,27705,19333,35,15946,378,101
f09e8bb0e280a85f274c6c65cc81e4b8adc2a009e280afe280af3c7c696d5f73746172747c3e6161f09e8bb0e280af	172,23781,108,378,101,19333,43,68228,15946,4102,197,378,107,378,107,151644,5305,172,23781,108,378,107
20203c7468696e6b3ef09e8bb0	256,151667,172,23781,108
274c6c3f3ff09e9390213c7468696e6b3e277665	91426,75,7646,172,252,241,238,0,151667,3003
3c7c696d5f73746172747c3ee0a4b93c2f7468696e6b3e61e0a4b9274c6cc3a9e280833f3f3c7468696e6b3e3c7c696d5f73746172747c3e	151644,93948,151668,64,93948,91426,75,963,378,225,7646,151667,151644
5fd9a1c285274c6c3c7468696e6b3ee0a4b93c7468696e6b3ef09092b03c2f7468696e6b3e20370ac2850d0af09092b0274421	62,149,94,126,227,91426,75,151667,93948,151667,123934,240,108,151668,220,22,198,126,227,319,123934,240,108,27705,0
e38080e28083202065cc81c2a0d9a161f09e93903c7c696d5f656e647c3e3c7468696e6b3e0ad096	22441,378,225,220,3958,4102,149,94,64,172,252,241,238,151645,151667,198,132042
20f09e8bb0f09ea480f09e8bb0cc81f09f91a9e2808df09f92bb612744f09e8bb0f091bc82e28083d9a1e280a8	220,172,23781,108,172,252,97,222,172,23781,108,53839,145233,378,235,145851,64,27705,172,23781,108,128240,120,224,378,225,149,94,378,101
27524527766521c2a05f5a274c6cf09e93903c2f7468696e6b3ef091bc82277665f091bc82274c6cf09e9390274c6c2744	94153,3003,0,4102,12302,91426,75,172,252,241,238,151668,128240,120,224,3003,128240,120,224,91426,75,172,252,241,238,91426,75,27705
3c7c696d5f73746172747c3e5a	151644,57
275245f091bc8265cc81e4b8ade3808009c285c3a9	94153,128240,120,224,963,15946,22441,197,126,227,963
d9a1d8b43c2f7468696e6b3ee285ab3c7c696d5f73746172747c3e0d0a0d0a3c2f7468696e6b3ef09e9390f09ea480e285ab	149,94,32790,151668,70467,104,151644,871,151668,172,252,241,238,172,252,97,222,70467,104
e280af610a373709f09f91a9e2808df09f92bb375f	378,107,64,198,22,22,197,145233,378,235,145851,22,62
f091bd9065cc8109e0a4b9d8b43c7c696d5f73746172747c3ee280a821e4b8ad275245277665e38080d8b43c2f7468696e6b3ef09e8bb0d8b4	128240,121,238,963,197,93948,32790,151644,378,101,0,15946,94153,3003,22441,32790,151668,172,23781,108,32790
5f65cc81c2a0e3808020f09092b0f09f91a9e2808df09f92bb277665e4b8ad65cc81e280a8cc813c2f7468696e6b3e5fe0a4b90d0a	62,963,4102,22441,220,123934,240,108,145233,378,235,145851,6,586,15946,963,378,101,53839,151668,62,93948,319
f091bd90f091bd90c3a90d0a0af09ea480f091bc82e2808b	128240,121,238,128240,121,238,963,80823,172,252,97,222,128240,120,224,15692
0a277665ceb2cc81c3a90ae280af3c7c696d5f73746172747c3e2744e280a8d8b4e38080615aceb22744	198,3003,51255,53839,963,198,378,107,151644,27705,378,101,32790,22441,64,57,51255,27705
3709d8b427766565cc81e285ab3c7c696d5f73746172747c3e2752453c7c696d5f73746172747c3ee280a8cc81f09e8bb0f09e9390	22,197,32790,3003,963,70467,104,151644,94153,151644,378,101,53839,172,23781,108,172,252,241,238
37e38080c3a9d9a1e280833c7c696d5f73746172747c3ef091bd9009f09e8bb0	22,22441,963,149,94,378,225,151644,128240,121,238,197,172,23781,108
e4b8ad277665f09ea4803c7c696d5f73746172747c3ee280af37274c6cc2855a3c7c696d5f656e647c3e277665	15946,3003,172,252,97,222,151644,378,107,22,91426,75,126,227,57,151645,3003
f09092b0e285ab274c6c274c6cd0960a37e280a83f3fc2a0	123934,240,108,70467,104,91426,75,91426,75,132042,198,22,378,101,7646,4102
0a2752450d0af09e9390c2a0e280a82020e280a8e280afd096f091bd90e28083c3a965cc81c3a9	198,94153,319,172,252,241,238,4102,378,101,256,378,101,378,107,132042,128240,121,238,378,225,963,963,963
3c2f7468696e6b3e0d0af091bc822776653c2f7468696e6b3e0d0af09f91a9e2808df09f92bbf09092b0277665277665cc81e285ab5a2744	151668,319,128240,120,224,3003,151668,319,145233,378,235,145851,123934,240,108,3003,6,51174,70467,104,57,27705
e280af0a5ff091bd9009e280a8	378,107,198,62,128240,121,238,197,378,101
21f09f91a9e2808df09f92bb3c7c696d5f73746172747c3eceb2d096ceb2f09e93902020c2a0202009274c6ce4b8ad65cc812744e280a8	0,145233,378,235,145851,151644,51255,132042,51255,172,252,241,238,256,4102,256,197,91426,75,15946,963,27705,378,101
c2a03f3f5a3c7c696d5f73746172747c3e612744	4102,7646,57,151644,64,27705
0d0ae280afe280af0acc8120	319,378,107,378,107,198,53839,220
e38080e4b8ade285ab3c7c696d5f656e647c3e274c6c	22441,15946,70467,104,151645,91426,75
37e285abf09f91a9e2808df09f92bbf09ea480	22,70467,104,145233,378,235,145851,172,252,97,222
5f	62
e280a8e280afe0a4b93f3fc2a03c7c696d5f656e647c3e2744e280af65cc81d096f091bd90ceb2	378,101,378,107,93948,7646,4102,151645,27705,378,107,963,132042,128240,121,238,51255
f091bc82cc81373c2f7468696e6b3e202020f09e8bb0202061d0960d0a3c7468696e6b3ee38080c2a0cc81d9a1	128240,120,224,53839,22,151668,256,220,172,23781,108,220,264,132042,319,151667,22441,4102,53839,149,94
e280aff09092b03c7c696d5f656e647c3e0a0d0ac3a9f09e8bb0ceb2e280a80d0ae280832752452776653c7468696e6b3e	378,107,123934,240,108,151645,198,319,963,172,23781,108,51255,378,101,319,378,225,94153,3003,151667
0a5f5aceb2c285d096f09f91a9e2808df09f92bbd096cc81f09e9390e2808b0ae2808b	198,12302,51255,126,227,132042,145233,378,235,145851,132042,53839,172,252,241,238,15692,198,15692
e2808bc3a93f3f65cc81f09ea4803c7c696d5f73746172747c3eceb2f091bc82	15692,963,7646,963,172,252,97,222,151644,51255,128240,120,224
3c2f7468696e6b3e274c6c277665f09e8bb03c7468696e6b3ecc810d0a277665e0a4b9c3a90ae285ab	151668,91426,75,3003,172,23781,108,151667,53839,319,3003,93948,963,198,70467,104
ceb2e3808021cc81f091bc8209e280af213c7c696d5f73746172747c3e	51255,22441,0,53839,128240,120,224,197,378,107,0,151644
c2a0c285e38080092020e285abc2a0e4b8ade2808320202020e4b8ad0d0a2744	4102,126,227,22441,3677,220,70467,104,4102,15946,378,225,262,72858,319,27705
e28083c2853c7c696d5f73746172747c3ed096ceb2f09092b0f09f91a9e2808df09f92bb274c6c09e4b8adf09f91a9e2808df09f92bb274c6c	378,225,126,227,151644,132042,51255,123934,240,108,145233,378,235,145851,6,43,75,197,15946,145233,378,235,145851,6,43,75
3c2f7468696e6b3ed9a12020c28565cc81d09661	151668,149,94,256,126,227,963,132042,64
d9a13f3fcc810a61f09e9390f09ea480f09e8bb021e28083f09e8bb05a	149,94,7646,53839,198,64,172,252,241,238,172,252,97,222,172,23781,108,0,378,225,172,23781,108,57
0d0af09f91a9e2808df09f92bb	319,145233,378,235,145851
3c7c696d5f656e647c3ecc81d9a1d8b43c2f7468696e6b3e3c2f7468696e6b3e	151645,53839,149,94,32790,151668,151668
c2a03f3ff09f91a9e2808df09f92bbe285abf091bc8221f091bd9021f09ea480d09621c3a9d9a13c7468696e6b3e	4102,7646,145233,378,235,145851,70467,104,128240,120,224,0,128240,121,238,0,172,252,97,222,132042,0,963,149,94,151667
2752452744274c6c20e2808bd9a1	94153,27705,91426,75,29748,149,94
20ceb261c3a927766561c2a05f65cc81	33218,64,963,3003,64,4102,62,963
f09f91a9e2808df09f92bbceb2c2a0d096274c6c275245cc81e2808bc2855a0d0af09e8bb0c3a9d8b4cc81f09092b037	145233,378,235,145851,51255,4102,132042,91426,75,90887,26789,15692,126,227,57,319,172,23781,108,963,32790,53839,123934,240,108,22
e2808361e285abe280a8	378,225,64,70467,104,378,101
3c7c696d5f656e647c3e2020205f61	151645,256,716,64
274c6cc285c3a9e285abc2a0d9a13c7468696e6b3e3c7468696e6b3ed09620202744d9a1202020c2a0d096275245	91426,75,126,227,963,70467,104,4102,149,94,151667,151667,132042,220,364,35,149,94,262,4102,132042,94153
e38080275245615fc285277665e280a8d0963c7c696d5f656e647c3ecc812744cc812020e285abf09092b0d9a1	22441,94153,64,62,126,227,3003,378,101,132042,151645,53839,6,35,53839,220,220,70467,104,123934,240,108,149,94
0d0a2020d9a1e28083d9a1e2808b	319,220,220,149,94,378,225,149,94,15692
375af09f91a9e2808df09f92bbf09ea480d0963c2f7468696e6b3e	22,57,145233,378,235,145851,172,252,97,222,132042,151668
c3a9e285abe0a4b9f09e8bb0d0963c2f7468696e6b3ee280a80d0a3727443f3fd8b43c7c696d5f73746172747c3ef09e9390	963,70467,104,93948,172,23781,108,132042,151668,378,101,319,22,27705,7646,32790,151644,172,252,241,238
20274c6ce4b8ade38080e380803f3fe2808b	364,43,75,15946,22441,22441,7646,15692
c3a9e285abf09e939009f09e9390f09f91a9e2808df09f92bb2744e280aff09e9390095a	963,70467,104,172,252,241,238,197,172,252,241,238,145233,378,235,145851,6,35,378,107,172,252,241,238,35853
274c6c3c7c696d5f73746172747c3ef09e8bb061610af09e9390ceb22020e285abceb2d09637d8b40a	91426,75,151644,172,23781,108,5305,198,172,252,241,238,51255,220,220,70467,104,51255,132042,22,32790,198
65cc81f09ea48027524565cc813c7c696d5f73746172747c3ef09092b05fcc81e28083	963,172,252,97,222,94153,963,151644,123934,240,108,62,53839,378,225
f09e9390e280aff09f91a9e2808df09f92bbf09e8bb0c2a0203c2f7468696e6b3ef09092b00d0ae28083d8b45fe0a4b921	172,252,241,238,378,107,145233,378,235,145851,172,23781,108,4102,220,151668,123934,240,108,319,378,225,32790,62,93948,0
3c7c696d5f656e647c3ec2a0	151645,4102
3f3f3c7468696e6b3e3c2f7468696e6b3e0af09e9390c2a0e2808bc2852020f091bd9065cc815f	7646,151667,151668,198,172,252,241,238,4102,15692,126,227,220,220,128240,121,238,963,62
f091bc82e2808be280a8213c7468696e6b3ee38080c3a937f09ea480e380805a	128240,120,224,15692,378,101,0,151667,22441,963,22,172,252,97,222,22441,57
f09ea480f09f91a9e2808df09f92bbe280af	172,252,97,222,145233,378,235,145851,378,107
275245c2a0e280a82744	94153,4102,378,101,27705
